Xidx Ds SE NR QRidx name geneID
Silla-v4:chrX:idx0005 0005 0.1128 0.0152 2 2 NA _chr12_000004.1
Silla-v4:chrX:idx0012 0012 0.2012 0.0443 4 4 NA _chr12_000006.1
Silla-v4:chrX:idx0019 0019 0.0996 0.0198 6 6 NA _chr12_000011.1
Silla-v4:chrX:idx0029 0029 0.1234 0.0229 8 8 NA _chr12_000018.1
Silla-v4:chrX:idx0030 0030 0.2127 0.0478 9 9 NA _chr12_000019.1
Silla-v4:chrX:idx0052 0052 0.1668 0.0298 10 10 NA _chr12_000033.1
Silla-v4:chrX:idx0060 0060 0.1347 0.0196 13 13 NA _chr12_000034.1
Silla-v4:chrX:idx0128 0128 0.0323 0.0097 18 19 NA _chr12_000071.1
Silla-v4:chrX:idx0131 0131 0.0715 0.0164 19 20 NA _chr12_000072.1
Silla-v4:chrX:idx0138 0138 0.1996 0.0304 20 22 X7 _chr12_000078.1
Silla-v4:chrX:idx0165 0165 0.1308 0.0336 22 24 NA _chr12_000093.1
Silla-v4:chrX:idx0193 0193 0.0717 0.0082 26 28 NA _chr12_000106.1
Silla-v4:chrX:idx0195 0195 0.0919 0.0136 27 29 NA _chr12_000107.1
Silla-v4:chrX:idx0211 0211 0.3733 0.0794 29 31 NA _chr12_000123.1
Silla-v4:chrX:idx0224 0224 0.1574 0.0404 31 33 NA _chr12_000128.1
Silla-v4:chrX:idx0241 0241 0.2084 0.0269 34 36 NA _chr12_000136.1
Silla-v4:chrX:idx0243 0243 0.2495 0.0435 35 37 NA _chr12_000137.1
Silla-v4:chrX:idx0254 0254 0.1541 0.0234 39 41 NA _chr12_000145.1
Silla-v4:chrX:idx0273 0273 0.038 0.0116 41 43 NA _chr12_000156.1
Silla-v4:chrX:idx0275 0275 0.1104 0.0344 42 44 NA _chr12_000158.1
Silla-v4:chrX:idx0277 0277 0.0793 0.0121 43 45 NA _chr12_000160.1
Silla-v4:chrX:idx0288 0288 0.0977 0.0168 45 47 NA _chr12_000167.1
Silla-v4:chrX:idx0290 0290 0.1229 0.022 46 48 NA _chr12_000168.1
Silla-v4:chrX:idx0295 0295 0.2372 0.039 49 50 NA _chr12_000172.1
Silla-v4:chrX:idx0306 0306 0.1096 0.0173 52 53 NA _chr12_000177.1
Silla-v4:chrX:idx0308 0308 0.1379 0.02 53 54 NA _chr12_000179.1
Silla-v4:chrX:idx0318 0318 0.0422 0.0098 56 57 NA _chr12_000183.1
Silla-v4:chrX:idx0325 0325 0.1443 0.0278 58 59 NA _chr12_000188.1
Silla-v4:chrX:idx0345 0345 0.0925 0.0175 61 61 NA _chr12_000199.1
Silla-v4:chrX:idx0346 0346 0.0661 0.0103 62 62 NA _chr12_000200.1
Silla-v4:chrX:idx0365 0365 0.1188 0.0261 66 66 NA _chr12_000215.1
Silla-v4:chrX:idx0367 0367 0.0828 0.0302 67 67 NA _chr12_000216.1
Silla-v4:chrX:idx0393 0393 0.1493 0.0183 68 68 NA _chr12_000236.1
Silla-v4:chrX:idx0401 0401 0.0351 0.0085 69 69 NA _chr12_000242.1
Silla-v4:chrX:idx0414 0414 0.0678 0.0115 71 71 NA _chr12_000248.1
Silla-v4:chrX:idx0418 0418 0.0239 0.0064 72 72 NA _chr12_000250.1
Silla-v4:chrX:idx0423 0423 0.0342 0.0046 74 74 NA _chr12_000253.1
Silla-v4:chrX:idx0425 0425 0.041 0.0125 75 75 NA _chr12_000255.1
Silla-v4:chrX:idx0428 0428 0.0639 0.0136 76 76 NA _chr12_000259.1
Silla-v4:chrX:idx0442 0442 0.072 0.0184 79 79 NA _chr12_000269.1
Silla-v4:chrX:idx0447 0447 0.1008 0.0268 82 82 NA _chr12_000272.1
Silla-v4:chrX:idx0449 0449 0.0285 0.0074 83 83 NA _chr12_000275.1
Silla-v4:chrX:idx0455 0455 0.102 0.0293 87 88 NA _chr12_000277.1
Silla-v4:chrX:idx0460 0460 0.1561 0.0372 89 90 NA _chr12_000279.1
Silla-v4:chrX:idx0461 0461 0.0374 0.0107 90 91 NA _chr12_000280.1
Silla-v4:chrX:idx0462 0462 0.0847 0.0119 91 92 NA _chr12_000281.1
Silla-v4:chrX:idx0463 0463 0.0664 0.0163 92 93 NA _chr12_000282.1
Silla-v4:chrX:idx0465 0465 0.0331 0.0106 93 94 NA _chr12_000284.1
Silla-v4:chrX:idx0466 0466 0.0162 0.0054 94 95 NA _chr12_000285.1
Silla-v4:chrX:idx0468 0468 0 0 96 97 NA _chr12_000286.1
Silla-v4:chrX:idx0469 0469 0.0235 0.0106 97 98 NA _chr12_000288.1
Silla-v4:chrX:idx0470 0470 0.0219 0.0048 98 99 NA _chr12_000289.1
Silla-v4:chrX:idx0471 0471 0.064 0.0119 99 100 NA _chr12_000290.1
Silla-v4:chrX:idx0490 0490 0.0262 0.0106 107 108 NA _chr12_000300.1
Silla-v4:chrX:idx0492 0492 0.0426 0.0107 109 110 NA _chr12_000301.1
Silla-v4:chrX:idx0506 0506 0.0717 0.0242 117 118 NA _chr12_000306.1
Silla-v4:chrX:idx0515 0515 0.0037 0.0037 118 119 NA _chr12_000321.1
Silla-v4:chrX:idx0532 0532 0.1321 0.0174 119 120 NA _chr12_000333.1
Silla-v4:chrX:idx0534 0534 0.0463 0.0115 120 121 NA _chr12_000334.1
Silla-v4:chrX:idx0545 0545 0.1193 0.0258 123 123 NA _chr12_000339.1
Silla-v4:chrX:idx0554 0554 0.0376 0.0087 126 126 NA _chr12_000342.1
Silla-v4:chrX:idx0565 0565 0.0464 0.0179 129 129 NA _chr12_000349.1
Silla-v4:chrX:idx0575 0575 0.0364 0.0152 130 130 NA _chr12_000353.1
Silla-v4:chrX:idx0585 0585 0.1199 0.0345 132 133 X9 _chr12_000361.1
Silla-v4:chrX:idx0586 0586 0.1074 0.0261 133 134 NA _chr12_000362.1
Silla-v4:chrX:idx0587 0587 0.092 0.0186 134 135 NA _chr12_000363.1
Silla-v4:chrX:idx0599 0599 0.0618 0.021 137 138 NA _chr12_000371.1
Silla-v4:chrX:idx0610 0610 0.1012 0.0228 141 141 NA _chr12_000380.1
Silla-v4:chrX:idx0615 0615 0.1934 0.0317 142 142 NA _chr12_000381.1
Silla-v4:chrX:idx0630 0630 0.0318 0.0102 143 143 NA _chr12_000390.1
Silla-v4:chrX:idx0639 0639 0.1936 0.0249 146 146 NA _chr12_000398.1
Silla-v4:chrX:idx0646 0646 0.2281 0.0297 148 148 NA _chr12_000403.1
Silla-v4:chrX:idx0676 0676 0.2171 0.0262 151 151 NA _chr12_000417.1
Silla-v4:chrX:idx0678 0678 0.2187 0.0404 152 152 NA _chr12_000420.1
Silla-v4:chrX:idx0687 0687 0.0664 0.0105 154 154 NA _chr12_000426.1
Silla-v4:chrX:idx0719 0719 0.0371 0.0086 156 156 NA _chr12_000444.1
Silla-v4:chrX:idx0756 0756 0.0461 0.0084 160 160 NA _chr12_000471.1
Silla-v4:chrX:idx0759 0759 0.0921 0.0171 163 163 NA _chr12_000476.1
Silla-v4:chrX:idx0766 0766 0.0412 0.0112 165 165 NA _chr12_000481.1
Silla-v4:chrX:idx0770 0770 0.0717 0.0108 168 168 NA _chr12_000482.1
Silla-v4:chrX:idx0771 0771 0.015 0.0059 169 169 NA _chr12_000483.1
Silla-v4:chrX:idx0785 0785 0.056 0.0148 171 171 NA _chr12_000494.1
Silla-v4:chrX:idx0838 0838 0.1411 0.0222 175 174 NA _chr12_000524.1
Silla-v4:chrX:idx0841 0841 0.1845 0.0393 176 175 NA _chr12_000525.1
Silla-v4:chrX:idx0843 0843 0.1789 0.0341 177 176 NA _chr12_000526.1
Silla-v4:chrX:idx0859 0859 0.1801 0.0326 179 178 NA _chr12_000541.1
Silla-v4:chrX:idx0874 0874 0.101 0.0164 180 179 NA _chr12_000547.1
Silla-v4:chrX:idx0904 0904 0.03 0.0119 184 183 NA _chr12_000572.1
Silla-v4:chrX:idx0910 0910 0.1372 0.0202 185 184 NA _chr12_000577.1
Silla-v4:chrX:idx0915 0915 0.0936 0.017 187 186 NA _chr12_000580.1
Silla-v4:chrX:idx0923 0923 0.1375 0.0301 189 188 NA _chr12_000586.1
Silla-v4:chrX:idx0940 0940 0.1221 0.0251 192 191 NA _chr12_000595.1
Silla-v4:chrX:idx0943 0943 0.1787 0.0231 193 192 NA _chr12_000598.1
Silla-v4:chrX:idx0962 0962 0.1649 0.0232 195 194 NA _chr12_000624.1
Silla-v4:chrX:idx1483 1483 0.1137 0.0231 263 261 NA _chr12_000673.1
Silla-v4:chrX:idx1466 1466 0.1252 0.0225 258 256 NA _chr12_000688.1
Silla-v4:chrX:idx1458 1458 0.0747 0.0181 257 255 NA _chr12_000696.1
Silla-v4:chrX:idx1413 1413 0.0699 0.0139 252 250 NA _chr12_000750.1
Silla-v4:chrX:idx1410 1410 0.1092 0.0244 251 249 NA _chr12_000752.1
Silla-v4:chrX:idx1403 1403 0.0534 0.0117 248 246 NA _chr12_000754.1
Silla-v4:chrX:idx1386 1386 0.0633 0.0162 246 244 NA _chr12_000774.1
Silla-v4:chrX:idx1350 1350 0.0683 0.0139 242 240 NA _chr12_000813.1
Silla-v4:chrX:idx1343 1343 0.099 0.0151 239 237 NA _chr12_000816.1
Silla-v4:chrX:idx1336 1336 0.0619 0.013 238 236 NA _chr12_000828.1
Silla-v4:chrX:idx1328 1328 0.0997 0.0267 236 234 NA _chr12_000832.1
Silla-v4:chrX:idx1320 1320 0.0454 0.0265 235 233 NA _chr12_000840.1
Silla-v4:chrX:idx1294 1294 0.0463 0.013 233 231 NA _chr12_000880.1
Silla-v4:chrX:idx1289 1289 0.0374 0.0105 232 230 NA _chr12_000887.1
Silla-v4:chrX:idx1282 1282 0.0756 0.0199 230 228 NA _chr12_000892.1
Silla-v4:chrX:idx1276 1276 0.0818 0.0297 228 226 NA _chr12_000896.1
Silla-v4:chrX:idx1260 1260 0.0381 0.0082 225 223 NA _chr12_000914.1
Silla-v4:chrX:idx1256 1256 0.325 0.0439 224 222 NA _chr12_000927.1
Silla-v4:chrX:idx1217 1217 0.0582 0.0159 222 220 NA _chr12_000983.1
Silla-v4:chrX:idx1187 1187 0.0258 0.0122 220 218 NA _chr12_001009.1
Silla-v4:chrX:idx1161 1161 0.0348 0.0039 217 215 NA _chr12_001044.1
Silla-v4:chrX:idx1152 1152 0.0653 0.0117 215 213 NA _chr12_001054.1
Silla-v4:chrX:idx1127 1127 0.0279 0.0198 214 212 NA _chr12_001081.1
Silla-v4:chrX:idx1122 1122 0.0423 0.0075 212 210 NA _chr12_001086.1
Silla-v4:chrX:idx1107 1107 0.0496 0.029 210 209 NA _chr12_001102.1
Silla-v4:chrX:idx1106 1106 0.049 0.0165 209 208 NA _chr12_001103.1
Silla-v4:chrX:idx1093 1093 0.0477 0.0072 208 207 NA _chr12_001109.1
Silla-v4:chrX:idx1069 1069 0.0731 0.0124 207 206 NA _chr12_001121.1
Silla-v4:chrX:idx1063 1063 0.061 0.0155 206 205 NA _chr12_001125.1
Silla-v4:chrX:idx1062 1062 0.0719 0.0168 205 204 NA _chr12_001126.1
Silla-v4:chrX:idx1036 1036 0.0782 0.0252 201 200 NA _chr12_001143.1
Silla-v4:chrX:idx1033 1033 0.1291 0.0357 199 198 NA _chr12_001148.1
Silla-v4:chrX:idx1026 1026 0.0719 0.0203 198 197 NA _chr12_001154.1
Silla-v4:chrX:idx1493 1493 0.8809 0.2174 264 262 NA _chr12_001177.1
Silla-v4:chrX:idx1497 1497 0.0474 0.0089 265 263 NA _chr12_001184.1
Silla-v4:chrX:idx1502 1502 0.0288 0.0167 266 264 NA _chr12_001191.1
Silla-v4:chrX:idx1527 1527 0.0434 0.0196 269 267 NA _chr12_001219.1
Silla-v4:chrX:idx1551 1551 0.0631 0.0172 270 268 NA _chr12_001247.1
Silla-v4:chrX:idx1558 1558 0.0801 0.0189 272 270 NA _chr12_001251.1
Silla-v4:chrX:idx1570 1570 0.1056 0.0195 273 271 NA _chr12_001258.1
Silla-v4:chrX:idx1577 1577 0.0457 0.0109 274 272 NA _chr12_001261.1
Silla-v4:chrX:idx1585 1585 0.0425 0.0105 276 274 NA _chr12_001271.1
Silla-v4:chrX:idx1600 1600 0.1302 0.0232 277 275 NA _chr12_001292.1
Silla-v4:chrX:idx1601 1601 0.208 0.0347 278 276 NA _chr12_001293.1
Silla-v4:chrX:idx1616 1616 0.058 0.0113 281 279 NA _chr12_001324.1
Silla-v4:chrX:idx1619 1619 0.1014 0.0195 283 281 NA _chr12_001327.1
Silla-v4:chrX:idx1634 1634 0.0703 0.0115 285 283 NA _chr12_001339.1
Silla-v4:chrX:idx1658 1658 0.0559 0.02 289 287 NA _chr12_001358.1
Silla-v4:chrX:idx1660 1660 0.031 0.0099 290 288 NA _chr12_001361.1
Silla-v4:chrX:idx1678 1678 0.0549 0.0161 294 292 NA _chr12_001382.1
Silla-v4:chrX:idx1704 1704 0.0926 0.0149 297 295 NA _chr12_001402.1
Silla-v4:chrX:idx1707 1707 0.0568 0.01 299 297 NA _chr12_001406.1
Silla-v4:chrX:idx1710 1710 0.0249 0.0125 301 298 NA _chr12_001408.1
Silla-v4:chrX:idx1722 1722 0.0354 0.0064 303 300 NA _chr12_001411.1
Silla-v4:chrX:idx1730 1730 0.0746 0.0137 304 301 NA _chr12_001433.1
Silla-v4:chrX:idx1731 1731 0.1089 0.0228 305 302 NA _chr12_001434.1
Silla-v4:chrX:idx1742 1742 0.0341 0.0094 306 303 NA _chr12_001449.1
Silla-v4:chrX:idx1769 1769 0.0819 0.018 311 308 NA _chr12_001477.1
Silla-v4:chrX:idx1788 1788 0.3352 0.0814 315 312 NA _chr12_001501.1
Silla-v4:chrX:idx1801 1801 0.1377 0.0267 317 314 NA _chr12_001503.1
Silla-v4:chrX:idx1809 1809 0.0419 0.0088 318 315 NA _chr12_001509.1
Silla-v4:chrX:idx1820 1820 0.1575 0.0459 320 317 NA _chr12_001526.1
Silla-v4:chrX:idx1828 1828 0.0649 0.0177 321 318 NA _chr12_001531.1
Silla-v4:chrX:idx1846 1846 0.0428 0.0091 323 320 NA _chr12_001547.1
Silla-v4:chrX:idx1860 1860 0.0229 0.0081 324 321 NA _chr12_001556.1
Silla-v4:chrX:idx1883 1883 0.0312 0.0091 328 325 NA _chr12_001575.1
Silla-v4:chrX:idx1892 1892 0.0161 0.0072 330 327 NA _chr12_001581.1
Silla-v4:chrX:idx1898 1898 0.0852 0.021 332 329 NA _chr12_001583.1
Silla-v4:chrX:idx1904 1904 0.0188 0.0084 335 332 NA _chr12_001587.1
Silla-v4:chrX:idx1905 1905 0.0519 0.0097 336 333 NA _chr12_001588.1
Silla-v4:chrX:idx1911 1911 0.0194 0.0052 337 334 NA _chr12_001599.1
Silla-v4:chrX:idx1915 1915 0.0925 0.0178 338 335 NA _chr12_001604.1
Silla-v4:chrX:idx1928 1928 0.0568 0.013 340 337 NA _chr12_001612.1
Silla-v4:chrX:idx1932 1932 0.0538 0.0128 342 339 NA _chr12_001614.1
Silla-v4:chrX:idx1949 1949 0.0619 0.015 347 344 NA _chr12_001624.1
Silla-v4:chrX:idx1950 1950 0.0378 0.011 348 345 NA _chr12_001625.1
Silla-v4:chrX:idx1958 1958 0.0705 0.0157 350 347 NA _chr12_001634.1
Silla-v4:chrX:idx1961 1961 0.0884 0.0119 351 348 NA _chr12_001637.1
Silla-v4:chrX:idx1964 1964 0.1309 0.0224 352 349 NA _chr12_001639.1
Silla-v4:chrX:idx1980 1980 0.0133 0.0077 357 354 NA _chr12_001648.1
Silla-v4:chrX:idx1982 1982 0.0422 0.0168 358 355 NA _chr12_001651.1
Silla-v4:chrX:idx1997 1997 0.0165 0.005 361 358 NA _chr12_001666.1
Silla-v4:chrX:idx2028 2028 0.0832 0.0165 368 365 NA _chr12_001683.1
Silla-v4:chrX:idx2039 2039 0.0312 0.0158 371 368 NA _chr12_001695.1
Silla-v4:chrX:idx2046 2046 0.0159 0.0071 372 369 NA _chr12_001700.1
Silla-v4:chrX:idx2047 2047 0.0166 0.0096 373 370 NA _chr12_001701.1
Silla-v4:chrX:idx2048 2048 0.0707 0.0214 374 371 NA _chr12_001702.1
Silla-v4:chrX:idx2049 2049 0.0705 0.0156 375 372 E316 _chr12_001703.1
Silla-v4:chrX:idx2050 2050 0.0424 0.0107 376 373 NA _chr12_001704.1
Silla-v4:chrX:idx2052 2052 0.0574 0.0176 377 374 NA _chr12_001705.1
Silla-v4:chrX:idx2058 2058 0.0082 0.0048 379 376 NA _chr12_001709.1
Silla-v4:chrX:idx2059 2059 0.0349 0.013 380 377 NA _chr12_001710.1
Silla-v4:chrX:idx2060 2060 0.0163 0.0062 381 378 NA _chr12_001711.1
Silla-v4:chrX:idx2062 2062 0.0715 0.0115 382 379 NA _chr12_001713.1
Silla-v4:chrX:idx2068 2068 0.0065 0.0065 386 383 NA _chr12_001716.1
Silla-v4:chrX:idx2071 2071 0.0422 0.0129 387 384 NA _chr12_001717.1
Silla-v4:chrX:idx2073 2073 0.064 0.0087 389 386 NA _chr12_001718.1
Silla-v4:chrX:idx2076 2076 0.0262 0.0076 390 387 NA _chr12_001719.1
Silla-v4:chrX:idx2085 2085 0.0995 0.0153 392 389 NA _chr12_001724.1
Silla-v4:chrX:idx2087 2087 0.1248 0.0155 393 390 NA _chr12_001726.1
Silla-v4:chrX:idx2093 2093 0.0438 0.0102 394 391 NA _chr12_001728.1
Silla-v4:chrX:idx2094 2094 0.0173 0.0087 395 392 NA _chr12_001729.1
Silla-v4:chrX:idx2100 2100 0.0446 0.0121 397 394 NA _chr12_001733.1
Silla-v4:chrX:idx2110 2110 0.0377 0.0098 400 397 NA _chr12_001737.1
Silla-v4:chrX:idx2122 2122 0.094 0.0394 406 403 NA _chr12_001742.1
Silla-v4:chrX:idx2123 2123 0.0769 0.0215 407 404 NA _chr12_001743.1
Silla-v4:chrX:idx2124 2124 0.1458 0.0323 408 405 NA _chr12_001744.1
Silla-v4:chrX:idx2125 2125 0.0513 0.0214 409 406 NA _chr12_001745.1
Silla-v4:chrX:idx2128 2128 0.0854 0.0144 411 408 NA _chr12_001746.1
Silla-v4:chrX:idx2131 2131 0.0559 0.011 412 409 NA _chr12_001748.1
Silla-v4:chrX:idx2132 2132 0.0104 0.0043 413 410 NA _chr12_001749.1
Silla-v4:chrX:idx3195 3195 0.0712 0.0205 416 412 NA _chr12_002448.1
Silla-v4:chrX:idx2135 2135 0.0439 0.0163 414 411 NA _chr12_003432.1
Silla-v4:chrX:idx2127 2127 0.0529 0.0191 410 407 NA _chr12_003438.1
Silla-v4:chrX:idx2118 2118 0.0328 0.0104 405 402 NA _chr12_003442.1
Silla-v4:chrX:idx2115 2115 0.0561 0.0147 404 401 NA _chr12_003446.1
Silla-v4:chrX:idx2114 2114 0.0683 0.0213 403 400 NA _chr12_003448.1
Silla-v4:chrX:idx2113 2113 0.0084 0.0042 402 399 NA _chr12_003449.1
Silla-v4:chrX:idx2111 2111 0.0645 0.0134 401 398 NA _chr12_003450.1
Silla-v4:chrX:idx2109 2109 0.0116 0.0117 399 396 NA _chr12_003451.1
Silla-v4:chrX:idx2106 2106 0.0207 0.0085 398 395 NA _chr12_003452.1
Silla-v4:chrX:idx2099 2099 0.098 0.0253 396 393 NA _chr12_003462.1
Silla-v4:chrX:idx2078 2078 0.0034 0.0024 391 388 NA _chr12_003477.1
Silla-v4:chrX:idx2072 2072 0.0332 0.0075 388 385 NA _chr12_003480.1
Silla-v4:chrX:idx2067 2067 0.0118 0.005 385 382 NA _chr12_003486.1
Silla-v4:chrX:idx2066 2066 0.0232 0.0078 384 381 NA _chr12_003487.1
Silla-v4:chrX:idx2064 2064 0.0518 0.0128 383 380 NA _chr12_003488.1
Silla-v4:chrX:idx2053 2053 0.0914 0.0192 378 375 NA _chr12_003490.1
Silla-v4:chrX:idx2031 2031 0.0332 0.0101 370 367 NA _chr12_003502.1
Silla-v4:chrX:idx2030 2030 0.0495 0.0149 369 366 NA _chr12_003506.1
Silla-v4:chrX:idx2023 2023 0.0559 0.0126 367 364 NA _chr12_003508.1
Silla-v4:chrX:idx2019 2019 0.0275 0.0084 366 363 NA _chr12_003512.1
Silla-v4:chrX:idx2016 2016 0.0338 0.01 365 362 NA _chr12_003516.1
Silla-v4:chrX:idx2013 2013 0.042 0.0092 364 361 NA _chr12_003517.1
Silla-v4:chrX:idx2008 2008 0.0598 0.0163 363 360 NA _chr12_003521.1
Silla-v4:chrX:idx1998 1998 0.0386 0.0138 362 359 NA _chr12_003537.1
Silla-v4:chrX:idx1996 1996 0.0327 0.0148 360 357 NA _chr12_003541.1
Silla-v4:chrX:idx1991 1991 0.0115 0.0052 359 356 NA _chr12_003545.1
Silla-v4:chrX:idx1978 1978 0.0348 0.0093 356 353 NA _chr12_003552.1
Silla-v4:chrX:idx1977 1977 0.0354 0.0136 355 352 NA _chr12_003553.1
Silla-v4:chrX:idx1973 1973 0.0704 0.0171 354 351 NA _chr12_003557.1
Silla-v4:chrX:idx1965 1965 0.0455 0.0174 353 350 NA _chr12_003573.1
Silla-v4:chrX:idx1951 1951 0.0836 0.0188 349 346 NA _chr12_003581.1
Silla-v4:chrX:idx1947 1947 0.0175 0.0079 346 343 NA _chr12_003584.1
Silla-v4:chrX:idx1936 1936 0.0499 0.0157 345 342 NA _chr12_003591.1
Silla-v4:chrX:idx1935 1935 0.0451 0.0087 344 341 NA _chr12_003592.1
Silla-v4:chrX:idx1933 1933 0.0378 0.009 343 340 NA _chr12_003594.1
Silla-v4:chrX:idx1931 1931 0.0247 0.0069 341 338 NA _chr12_003595.1
Silla-v4:chrX:idx1926 1926 0.0243 0.0122 339 336 NA _chr12_003603.1
Silla-v4:chrX:idx1901 1901 0.0969 0.0156 334 331 NA _chr12_003616.1
Silla-v4:chrX:idx1899 1899 0.0173 0.0058 333 330 NA _chr12_003618.1
Silla-v4:chrX:idx1894 1894 0.0499 0.0128 331 328 NA _chr12_003621.1
Silla-v4:chrX:idx1884 1884 0.4103 0.0653 329 326 NA _chr12_003626.1
Silla-v4:chrX:idx1880 1880 0.0416 0.0127 327 324 NA _chr12_003632.1
Silla-v4:chrX:idx1866 1866 0.0495 0.014 326 323 NA _chr12_003649.1
Silla-v4:chrX:idx1861 1861 0.0308 0.0098 325 322 NA _chr12_003658.1
Silla-v4:chrX:idx1831 1831 0.055 0.0139 322 319 NA _chr12_003691.1
Silla-v4:chrX:idx1811 1811 0.0609 0.016 319 316 NA _chr12_003717.1
Silla-v4:chrX:idx1789 1789 0.1275 0.0235 316 313 NA _chr12_003748.1
Silla-v4:chrX:idx1785 1785 0.1441 0.0365 314 311 NA _chr12_003751.1
Silla-v4:chrX:idx1783 1783 0.042 0.009 313 310 NA _chr12_003754.1
Silla-v4:chrX:idx1770 1770 0.1445 0.0288 312 309 NA _chr12_003761.1
Silla-v4:chrX:idx1768 1768 0.0595 0.0113 310 307 NA _chr12_003762.1
Silla-v4:chrX:idx1766 1766 0.0319 0.0076 309 306 NA _chr12_003764.1
Silla-v4:chrX:idx1751 1751 0.141 0.032 308 305 NA _chr12_003789.1
Silla-v4:chrX:idx1747 1747 0.0353 0.0075 307 304 NA _chr12_003798.1
Silla-v4:chrX:idx1716 1716 0.0264 0.0094 302 299 NA _chr12_003815.1
Silla-v4:chrX:idx1706 1706 0.077 0.0157 298 296 NA _chr12_003829.1
Silla-v4:chrX:idx1694 1694 0.0317 0.004 296 294 NA _chr12_003844.1
Silla-v4:chrX:idx1692 1692 0.1524 0.0276 295 293 NA _chr12_003845.1
Silla-v4:chrX:idx1675 1675 0.1115 0.0205 293 291 NA _chr12_003859.1
Silla-v4:chrX:idx1673 1673 0.0528 0.0149 292 290 NA _chr12_003860.1
Silla-v4:chrX:idx1666 1666 0.0306 0.008 291 289 NA _chr12_003867.1
Silla-v4:chrX:idx1647 1647 0.1828 0.0397 288 286 NA _chr12_003880.1
Silla-v4:chrX:idx1644 1644 0.0236 0.0084 287 285 NA _chr12_003882.1
Silla-v4:chrX:idx1636 1636 0.0727 0.0188 286 284 NA _chr12_003885.1
Silla-v4:chrX:idx1628 1628 0.0686 0.0169 284 282 NA _chr12_003895.1
Silla-v4:chrX:idx1617 1617 0.0454 0.0133 282 280 NA _chr12_003908.1
Silla-v4:chrX:idx1612 1612 0.0548 0.0136 280 278 NA _chr12_003919.1
Silla-v4:chrX:idx1611 1611 0.042 0.0073 279 277 NA _chr12_003922.1
Silla-v4:chrX:idx1582 1582 0.0744 0.027 275 273 NA _chr12_003938.1
Silla-v4:chrX:idx1555 1555 0.0409 0.012 271 269 NA _chr12_003965.1
Silla-v4:chrX:idx1523 1523 0.1083 0.0194 268 266 NA _chr12_003991.1
Silla-v4:chrX:idx1519 1519 0.0564 0.0114 267 265 NA _chr12_004002.1
Silla-v4:chrX:idx1016 1016 0.2304 0.0478 196 195 NA _chr12_004047.1
Silla-v4:chrX:idx1022 1022 0.1274 0.0157 197 196 NA _chr12_004053.1
Silla-v4:chrX:idx1034 1034 0.0454 0.0133 200 199 NA _chr12_004059.1
Silla-v4:chrX:idx1050 1050 0.0209 0.0121 202 201 NA _chr12_004072.1
Silla-v4:chrX:idx1060 1060 0.0872 0.0257 203 202 NA _chr12_004083.1
Silla-v4:chrX:idx1061 1061 0.0565 0.0154 204 203 NA _chr12_004084.1
Silla-v4:chrX:idx1126 1126 0.0311 0.0087 213 211 NA _chr12_004145.1
Silla-v4:chrX:idx1153 1153 0.0675 0.0205 216 214 NA _chr12_004171.1
Silla-v4:chrX:idx1172 1172 0.2504 0.0452 218 216 NA _chr12_004190.1
Silla-v4:chrX:idx1174 1174 0.1253 0.0428 219 217 NA _chr12_004192.1
Silla-v4:chrX:idx1188 1188 0.0458 0.0099 221 219 NA _chr12_004200.1
Silla-v4:chrX:idx1238 1238 0.051 0.0083 223 221 NA _chr12_004244.1
Silla-v4:chrX:idx1263 1263 0.0407 0.0107 226 224 NA _chr12_004278.1
Silla-v4:chrX:idx1271 1271 0.0753 0.0221 227 225 NA _chr12_004284.1
Silla-v4:chrX:idx1279 1279 0.147 0.0216 229 227 NA _chr12_004305.1
Silla-v4:chrX:idx1284 1284 0.0773 0.0203 231 229 NA _chr12_004315.1
Silla-v4:chrX:idx1316 1316 0.1344 0.0203 234 232 NA _chr12_004362.1
Silla-v4:chrX:idx1334 1334 0.0274 0.0071 237 235 NA _chr12_004382.1
Silla-v4:chrX:idx1344 1344 0.0325 0.0134 240 238 NA _chr12_004389.1
Silla-v4:chrX:idx1349 1349 0.0386 0.0139 241 239 NA _chr12_004400.1
Silla-v4:chrX:idx1356 1356 0.0236 0.0073 243 241 NA _chr12_004405.1
Silla-v4:chrX:idx1374 1374 0.0349 0.0094 244 242 NA _chr12_004418.1
Silla-v4:chrX:idx1376 1376 0.034 0.0089 245 243 NA _chr12_004421.1
Silla-v4:chrX:idx1398 1398 0.0833 0.0247 247 245 NA _chr12_004455.1
Silla-v4:chrX:idx1405 1405 0.1182 0.0195 249 247 NA _chr12_004459.1
Silla-v4:chrX:idx1409 1409 0.0654 0.0104 250 248 NA _chr12_004464.1
Silla-v4:chrX:idx1438 1438 0.1776 0.0488 253 251 NA _chr12_004487.1
Silla-v4:chrX:idx1443 1443 0.0603 0.0114 254 252 NA _chr12_004490.1
Silla-v4:chrX:idx1451 1451 0.0573 0.0139 255 253 NA _chr12_004496.1
Silla-v4:chrX:idx1457 1457 0.0398 0.0095 256 254 NA _chr12_004500.1
Silla-v4:chrX:idx1470 1470 0.0969 0.0213 259 257 NA _chr12_004510.1
Silla-v4:chrX:idx1472 1472 0.102 0.0231 260 258 NA _chr12_004511.1
Silla-v4:chrX:idx1477 1477 0.0296 0.0055 261 259 NA _chr12_004519.1
Silla-v4:chrX:idx1481 1481 0.0269 0.0084 262 260 NA _chr12_004523.1
Silla-v4:chrX:idx0959 0959 0.0493 0.0042 194 193 NA _chr12_004577.1
Silla-v4:chrX:idx0927 0927 0.0839 0.0144 191 190 NA _chr12_004592.1
Silla-v4:chrX:idx0926 0926 0.2266 0.0256 190 189 NA _chr12_004593.1
Silla-v4:chrX:idx0916 0916 0.1333 0.0251 188 187 NA _chr12_004598.1
Silla-v4:chrX:idx0912 0912 0.1345 0.0251 186 185 NA _chr12_004600.1
Silla-v4:chrX:idx0895 0895 0.1547 0.0317 183 182 NA _chr12_004609.1
Silla-v4:chrX:idx0892 0892 0.1279 0.0449 182 181 NA _chr12_004614.1
Silla-v4:chrX:idx0884 0884 0.1103 0.0197 181 180 NA _chr12_004618.1
Silla-v4:chrX:idx0856 0856 0.1155 0.0171 178 177 NA _chr12_004639.1
Silla-v4:chrX:idx0822 0822 0.1558 0.0226 174 173 NA _chr12_004662.1
Silla-v4:chrX:idx0813 0813 0.2403 0.0299 173 172 NA _chr12_004674.1
Silla-v4:chrX:idx0772 0772 0.0914 0.0195 170 170 NA _chr12_004699.1
Silla-v4:chrX:idx0768 0768 0.0551 0.0123 167 167 NA _chr12_004701.1
Silla-v4:chrX:idx0767 0767 0.05 0.0153 166 166 NA _chr12_004702.1
Silla-v4:chrX:idx0764 0764 0.0568 0.0096 164 164 NA _chr12_004703.1
Silla-v4:chrX:idx0758 0758 0.0953 0.0129 162 162 NA _chr12_004705.1
Silla-v4:chrX:idx0757 0757 0.0681 0.0217 161 161 NA _chr12_004706.1
Silla-v4:chrX:idx0746 0746 0.0231 0.0104 159 159 NA _chr12_004711.1
Silla-v4:chrX:idx0738 0738 0.0366 0.014 158 158 NA _chr12_004713.1
Silla-v4:chrX:idx0729 0729 0.0227 0.0114 157 157 NA _chr12_004719.1
Silla-v4:chrX:idx0709 0709 0.059 0.0114 155 155 NA _chr12_004726.1
Silla-v4:chrX:idx0680 0680 0.1676 0.0231 153 153 NA _chr12_004744.1
Silla-v4:chrX:idx0671 0671 0.2216 0.0291 150 150 NA _chr12_004747.1
Silla-v4:chrX:idx0648 0648 0.1672 0.0169 149 149 NA _chr12_004765.1
Silla-v4:chrX:idx0642 0642 0.1208 0.0169 147 147 NA _chr12_004768.1
Silla-v4:chrX:idx0634 0634 0.2294 0.0385 145 145 NA _chr12_004773.1
Silla-v4:chrX:idx0631 0631 0.1199 0.0169 144 144 NA _chr12_004775.1
Silla-v4:chrX:idx0604 0604 0.1079 0.0132 139 140 NA _chr12_004795.1
Silla-v4:chrX:idx0601 0601 0.1711 0.031 138 139 NA _chr12_004796.1
Silla-v4:chrX:idx0594 0594 0.084 0.0217 136 137 NA _chr12_004800.1
Silla-v4:chrX:idx0593 0593 0.0866 0.0223 135 136 NA _chr12_004801.1
Silla-v4:chrX:idx0579 0579 0.0756 0.0136 131 132 SlCypX _chr12_004806.1
Silla-v4:chrX:idx0557 0557 0.0944 0.0235 128 128 NA _chr12_004817.1
Silla-v4:chrX:idx0556 0556 0.2611 0.0581 127 127 NA _chr12_004818.1
Silla-v4:chrX:idx0547 0547 0.1856 0.0509 125 125 NA _chr12_004824.1
Silla-v4:chrX:idx0546 0546 0.1415 0.0188 124 124 NA _chr12_004825.1
Silla-v4:chrX:idx0538 0538 0.0186 0.0132 121 122 NA _chr12_004830.1
Silla-v4:chrX:idx0505 0505 0.0414 0.0187 116 117 NA _chr12_004854.1
Silla-v4:chrX:idx0503 0503 0.026 0.0131 115 116 NA _chr12_004855.1
Silla-v4:chrX:idx0502 0502 0.0228 0.0051 114 115 NA _chr12_004856.1
Silla-v4:chrX:idx0499 0499 0.0644 0.0132 113 114 NA _chr12_004858.1
Silla-v4:chrX:idx0498 0498 0.0789 0.0171 112 113 NA _chr12_004859.1
Silla-v4:chrX:idx0496 0496 0.0119 0.0045 111 112 NA _chr12_004860.1
Silla-v4:chrX:idx0495 0495 0.03 0.0091 110 111 NA _chr12_004861.1
Silla-v4:chrX:idx0491 0491 0.0568 0.0162 108 109 NA _chr12_004863.1
Silla-v4:chrX:idx0489 0489 0.0422 0.0161 106 107 NA _chr12_004864.1
Silla-v4:chrX:idx0486 0486 0.0878 0.0196 105 106 NA _chr12_004866.1
Silla-v4:chrX:idx0478 0478 0.0435 0.0147 104 105 NA _chr12_004869.1
Silla-v4:chrX:idx0476 0476 0.0227 0.0081 103 104 NA _chr12_004871.1
Silla-v4:chrX:idx0475 0475 0.0532 0.0104 102 103 NA _chr12_004872.1
Silla-v4:chrX:idx0474 0474 0.0219 0.0127 101 102 NA _chr12_004873.1
Silla-v4:chrX:idx0472 0472 0.0122 0.0037 100 101 NA _chr12_004875.1
Silla-v4:chrX:idx0467 0467 0.0515 0.0176 95 96 NA _chr12_004876.1
Silla-v4:chrX:idx0456 0456 0.0711 0.0203 88 89 NA _chr12_004879.1
Silla-v4:chrX:idx0454 0454 0.2079 0.0406 86 87 E330 _chr12_004880.1
Silla-v4:chrX:idx0451 0451 0.0324 0.0089 85 85 NA _chr12_004883.1
Silla-v4:chrX:idx0450 0450 0.0553 0.0187 84 84 NA _chr12_004884.1
Silla-v4:chrX:idx0446 0446 0.0294 0.0057 81 81 NA _chr12_004886.1
Silla-v4:chrX:idx0445 0445 0.0569 0.0161 80 80 NA _chr12_004887.1
Silla-v4:chrX:idx0441 0441 0.0372 0.0066 78 78 NA _chr12_004888.1
Silla-v4:chrX:idx0429 0429 0.0235 0.0089 77 77 NA _chr12_004893.1
Silla-v4:chrX:idx0422 0422 0.0551 0.0133 73 73 NA _chr12_004897.1
Silla-v4:chrX:idx0413 0413 0.0626 0.0157 70 70 NA _chr12_004902.1
Silla-v4:chrX:idx0357 0357 0.0968 0.0215 65 65 NA _chr12_004925.1
Silla-v4:chrX:idx0355 0355 0.1552 0.0215 64 64 NA _chr12_004926.1
Silla-v4:chrX:idx0347 0347 0.0549 0.014 63 63 NA _chr12_004928.1
Silla-v4:chrX:idx0336 0336 0.176 0.0297 60 60 NA _chr12_004934.1
Silla-v4:chrX:idx0320 0320 0.0301 0.0073 57 58 NA _chr12_004941.1
Silla-v4:chrX:idx0313 0313 0.0911 0.0151 55 56 NA _chr12_004944.1
Silla-v4:chrX:idx0310 0310 0.0665 0.0072 54 55 NA _chr12_004947.1
Silla-v4:chrX:idx0305 0305 0.091 0.0118 51 52 NA _chr12_004948.1
Silla-v4:chrX:idx0302 0302 0.0444 0.0082 50 51 NA _chr12_004949.1
Silla-v4:chrX:idx0293 0293 0.0539 0.0142 48 49 NA _chr12_004954.1
Silla-v4:chrX:idx0287 0287 0.0645 0.0166 44 46 NA _chr12_004956.1
Silla-v4:chrX:idx0268 0268 0.1522 0.0224 40 42 X3 _chr12_004963.1
Silla-v4:chrX:idx0253 0253 0.1096 0.0144 38 40 NA _chr12_004972.1
Silla-v4:chrX:idx0247 0247 0.1569 0.0281 37 39 NA _chr12_004975.1
Silla-v4:chrX:idx0246 0246 0.2949 0.0528 36 38 NA _chr12_004977.1
Silla-v4:chrX:idx0240 0240 0.3884 0.1032 33 35 NA _chr12_004979.1
Silla-v4:chrX:idx0225 0225 0.1059 0.0187 32 34 NA _chr12_004988.1
Silla-v4:chrX:idx0213 0213 0.0816 0.0215 30 32 NA _chr12_004996.1
Silla-v4:chrX:idx0199 0199 0.2662 0.0368 28 30 NA _chr12_004998.1
Silla-v4:chrX:idx0185 0185 0.0742 0.0203 25 27 NA _chr12_005003.1
Silla-v4:chrX:idx0177 0177 0.087 0.0149 24 26 NA _chr12_005009.1
Silla-v4:chrX:idx0170 0170 0.3849 0.0499 23 25 NA _chr12_005014.1
Silla-v4:chrX:idx0150 0150 0.1178 0.0238 21 23 NA _chr12_005021.1
Silla-v4:chrX:idx0126 0126 0.0643 0.0218 17 18 NA _chr12_005031.1
Silla-v4:chrX:idx0120 0120 0.2196 0.0315 16 17 X4 _chr12_005034.1
Silla-v4:chrX:idx0117 0117 0.2103 0.0485 15 15 NA _chr12_005036.1
Silla-v4:chrX:idx0100 0100 0.0994 0.0148 14 14 NA _chr12_005045.1
Silla-v4:chrX:idx0059 0059 0.1791 0.0242 12 12 NA _chr12_005064.1
Silla-v4:chrX:idx0053 0053 0.1254 0.0228 11 11 NA _chr12_005070.1
Silla-v4:chrX:idx0024 0024 0.1309 0.016 7 7 NA _chr12_005083.1
Silla-v4:chrX:idx0013 0013 0.1739 0.0327 5 5 NA _chr12_005088.1
Silla-v4:chrX:idx0007 0007 0.2046 0.0186 3 3 NA _chr12_005092.1
Silla-v4:chrX:idx0001 0001 0.1353 0.0265 1 1 E707 _chr12_005095.1
