Species_1	Start_1	End_1	Species_2	Start_2	End_2	fill
1	314182289	314186945	1	175475	179364	0570b0
1	314186947	314190689	1	175475	179364	0570b0
1	314106959	314111134	1	204989	209237	0570b0
1	241611869	241618024	1	4081689	4085906	0570b0
1	241462998	241468807	1	4184384	4190790	0570b0
1	240976103	240977983	1	4422051	4423033	0570b0
1	287624478	287633559	1	4876421	4890693	0570b0
1	239968288	239971117	1	5052773	5055708	0570b0
1	18472323	18477464	1	5760749	5769915	ae017e
1	156650480	156662118	1	6292773	6303877	0570b0
1	315368650	315372129	1	7260017	7262183	0570b0
1	315372722	315379063	1	7287368	7295943	0570b0
1	315564071	315568147	1	7443426	7447449	0570b0
1	315571916	315572959	1	7472267	7473122	0570b0
1	315589099	315590419	1	7472267	7473122	0570b0
1	315593397	315594866	1	7485379	7486861	0570b0
1	272480905	272491662	1	7640590	7653038	0570b0
1	272495612	272498119	1	8399641	8401233	0570b0
1	272497825	272500200	1	8403183	8405088	0570b0
1	2430282	2434190	1	8898229	8903847	ae017e
1	302904118	302907441	1	9711111	9716251	0570b0
1	286113316	286123594	1	10482473	10490891	0570b0
1	239066425	239071979	1	11237286	11242812	0570b0
1	37678876	37686358	1	13839274	13846213	0570b0
1	306544001	306548446	1	15882716	15887011	0570b0
1	306749749	306757320	1	16057733	16064479	0570b0
1	306759907	306766227	1	16104089	16110699	0570b0
1	318896614	318904246	1	16104089	16110699	0570b0
1	306766667	306772028	1	16143169	16148177	0570b0
1	307267441	307271775	1	16540815	16544454	0570b0
1	307460261	307461433	1	17371564	17372472	0570b0
1	307461435	307465563	1	17372474	17376510	0570b0
1	307474239	307480683	1	17497254	17506943	0570b0
1	307702063	307704387	1	17756289	17757456	0570b0
1	292520387	292527090	1	18096690	18101801	0570b0
1	292527975	292531445	1	18226253	18229857	0570b0
1	2710662	2715387	1	18257713	18262817	ae017e
1	292538622	292544128	1	18292323	18300876	0570b0
1	253074129	253076627	1	18867886	18869250	0570b0
1	274242917	274246998	1	19821112	19827287	0570b0
1	292866544	292874033	1	20001613	20009390	0570b0
1	292688329	292694058	1	20088444	20094952	0570b0
1	292686535	292688323	1	20095147	20096591	0570b0
1	291376311	291386429	1	20858336	20870996	0570b0
1	291403900	291412487	1	20871542	20881193	0570b0
1	291413604	291419723	1	20897223	20901247	0570b0
1	292951387	292957536	1	20996818	21004365	0570b0
1	302370	311698	1	24726027	24742519	ae017e
1	297004	299290	1	26411948	26415142	ae017e
1	2373711	2379090	1	28529400	28535411	ae017e
1	282129418	282140491	1	32678914	32689435	0570b0
1	282905889	282911208	1	32968693	32973600	0570b0
1	102355383	102357857	1	33104444	33107192	0570b0
1	119968709	119970281	1	33104444	33107192	0570b0
1	180579622	180581244	1	33104444	33107192	0570b0
1	101834792	101850795	1	34201020	34220670	0570b0
1	160514791	160518865	1	34340181	34343291	0570b0
1	10439884	10441847	1	37221779	37224436	ae017e
1	290684548	290691696	1	38967718	38973524	0570b0
1	287839504	287846039	1	39473832	39480653	0570b0
1	287848674	287850892	1	39571247	39575019	0570b0
1	288497076	288503112	1	40602759	40608759	0570b0
1	289522009	289526066	1	41893492	41897567	0570b0
1	289697736	289704646	1	42085626	42095254	0570b0
1	304672348	304676536	1	42862361	42867569	0570b0
1	304658947	304664403	1	42874067	42881160	0570b0
1	305562118	305567355	1	43578281	43583639	0570b0
1	305588666	305597828	1	43584666	43594610	0570b0
1	305942392	305956912	1	44347234	44360843	0570b0
1	312969826	312974171	1	44645558	44649680	0570b0
1	313135733	313141270	1	44722930	44730984	0570b0
1	315232057	315237855	1	44998526	45004397	0570b0
1	315244622	315248887	1	45041469	45046092	0570b0
1	315256822	315258079	1	45067915	45068898	0570b0
1	315260287	315265033	1	45117697	45123374	0570b0
1	286514749	286522022	1	46471230	46479097	0570b0
1	131379921	131382991	1	49601130	49604397	0570b0
1	3072022	3073763	1	52422951	52424593	ae017e
1	16511892	16518671	1	53766000	53779269	ae017e
1	15830480	15837728	1	55290226	55297011	ae017e
1	261578061	261598305	1	56293855	56328611	0570b0
1	261563266	261574840	1	56442299	56453611	0570b0
1	69605689	69614731	1	59778995	59787770	0570b0
1	69601953	69605434	1	59848690	59852566	0570b0
1	184411161	184438003	1	60989152	61003110	0570b0
1	277549816	277570695	1	63495080	63516183	0570b0
1	12025543	12031455	1	70521051	70526822	ae017e
1	278306681	278320287	1	72192376	72204634	0570b0
1	2529563	2534804	1	76316843	76320067	ae017e
1	24083085	24095029	1	78450225	78456546	ae017e
1	24083085	24095029	1	78456548	78463302	ae017e
1	5606463	5613203	1	81137270	81147051	ae017e
1	6053000	6060650	1	82160870	82172411	238443
1	6060848	6064223	1	82283590	82285984	238443
1	6640600	6649763	1	83185447	83192189	238443
1	6631743	6635958	1	83272963	83280149	238443
1	6625946	6630279	1	83280148	83288203	238443
1	6617692	6624371	1	83289448	83298588	238443
1	6609802	6613866	1	83512171	83516133	238443
1	6594800	6609452	1	83562619	83576051	238443
1	6655993	6663656	1	83621390	83629706	238443
1	6783748	6794328	1	83691732	83701167	238443
1	6797838	6804645	1	83991419	83997786	238443
1	6805728	6810070	1	83998248	84002026	238443
1	6891088	6900167	1	84535394	84544501	238443
1	6908430	6913264	1	84754967	84760475	238443
1	16658756	16674908	1	86169995	86197290	ae017e
1	327817569	327833778	1	86731863	86749066	fc8d62
1	3511409	3515763	1	89816633	89821679	ae017e
1	152118320	152120972	1	91720416	91722157	0570b0
1	3552296	3560648	1	92813388	92822943	ae017e
1	2770621	2775452	1	93632410	93638106	ae017e
1	29817636	29833890	1	94398020	94407398	ae017e
1	45123758	45128669	1	96790724	96793432	0570b0
1	6511153	6516832	1	97169919	97181212	238443
1	2724249	2730144	1	98438479	98447286	ae017e
1	13788539	13794448	1	99746248	99752298	ae017e
1	13857149	13865774	1	100361807	100377618	ae017e
1	91511928	91518137	1	101426388	101431027	0570b0
1	312290908	312295136	1	101948626	101955848	0570b0
1	312290908	312295136	1	101958503	101960764	0570b0
1	312148981	312150007	1	102028004	102029045	0570b0
1	312237406	312238272	1	102028004	102029045	0570b0
1	272060847	272085380	1	103366743	103392803	0570b0
1	38582009	38587894	1	104220040	104227018	0570b0
1	38591081	38595079	1	105359188	105364480	0570b0
1	43037848	43040846	1	106769859	106772260	0570b0
1	43047098	43049415	1	106957662	106959926	0570b0
1	43085051	43088958	1	107188317	107192305	0570b0
1	43167304	43169041	1	107374691	107376584	0570b0
1	18529170	18531200	1	109074258	109076890	ae017e
1	57727123	57731186	1	112820772	112824391	0570b0
1	59019608	59023288	1	112820772	112824391	0570b0
1	57727123	57731186	1	112924487	112927684	0570b0
1	59019608	59023288	1	112924487	112927684	0570b0
1	59483584	59489012	1	113730375	113738926	0570b0
1	254207529	254221077	1	115175166	115187485	0570b0
1	276672441	276676692	1	115462020	115466713	0570b0
1	60797852	60826906	1	117460076	117488332	0570b0
1	198013799	198020071	1	119610140	119614762	0570b0
1	223190579	223200629	1	121388314	121405271	0570b0
1	197241309	197244165	1	122626419	122630160	0570b0
1	197412330	197422730	1	122976580	122986383	0570b0
1	13880063	13883532	1	126441726	126445179	ae017e
1	13873953	13877122	1	126524810	126527083	ae017e
1	110482	114343	1	128350026	128354227	ae017e
1	153025064	153033686	1	129274019	129288502	0570b0
1	12000088	12005942	1	129882018	129887894	ae017e
1	13084655	13091845	1	130582794	130590907	ae017e
1	12862815	12865063	1	130739021	130741161	ae017e
1	24377344	24380403	1	131689320	131693074	ae017e
1	221642678	221672107	1	132537596	132582219	0570b0
1	312525406	312529635	1	134312275	134316557	0570b0
1	312552300	312557347	1	134328886	134334578	0570b0
1	312558319	312561456	1	134336499	134339135	0570b0
1	312561594	312564243	1	134347034	134349344	0570b0
1	312570020	312576400	1	134445706	134452470	0570b0
1	312871196	312878851	1	134941371	134949100	0570b0
1	308101377	308105246	1	135294792	135299726	0570b0
1	237790804	237801983	1	135411562	135428258	0570b0
1	247109545	247119068	1	136681316	136691943	0570b0
1	302972897	302976839	1	136990187	136994769	0570b0
1	304175377	304181460	1	137061817	137067722	0570b0
1	316147834	316151029	1	137703149	137706469	0570b0
1	316185313	316190448	1	137813295	137818841	0570b0
1	316295332	316298317	1	137841070	137843399	0570b0
1	316300278	316303282	1	137841070	137843399	0570b0
1	316353080	316359174	1	137908916	137914640	0570b0
1	316361744	316362259	1	137981770	137982222	0570b0
1	316482985	316484220	1	138221008	138221769	0570b0
1	316528336	316529457	1	138228444	138229540	0570b0
1	316530499	316532770	1	138230562	138234827	0570b0
1	316532772	316536472	1	138234829	138238038	0570b0
1	316547382	316552808	1	138295124	138300397	0570b0
1	316758115	316764019	1	138556239	138562170	0570b0
1	316789380	316796475	1	138727532	138734755	0570b0
1	316806501	316807689	1	138791004	138792039	0570b0
1	314303161	314307957	1	139035363	139040432	0570b0
1	314338651	314350706	1	139184385	139195457	0570b0
1	314493803	314495640	1	139448382	139449552	0570b0
1	314496035	314499437	1	139461087	139463438	0570b0
1	5383724	5390356	1	140528653	140535204	ae017e
1	5381347	5383679	1	140535248	140537534	ae017e
1	5374235	5380185	1	140538401	140543701	ae017e
1	5364644	5371563	1	140545161	140551748	ae017e
1	5359298	5363475	1	140552920	140557105	ae017e
1	5342000	5347124	1	140561679	140566751	ae017e
1	316059836	316061577	1	142678520	142680260	0570b0
1	315951457	315964387	1	142743574	142756821	0570b0
1	315862588	315868673	1	142820756	142826633	0570b0
1	134349892	134353303	1	143109194	143112209	0570b0
1	90470174	90470883	1	143429711	143430324	0570b0
1	132774959	132785646	1	145247380	145257173	0570b0
1	45123758	45128669	1	145914897	145917575	0570b0
1	192921704	192923122	1	148484060	148485091	0570b0
1	15159146	15160813	1	150534945	150536672	ae017e
1	15155572	15159047	1	150536814	150540560	ae017e
1	15147385	15154872	1	150650514	150657846	ae017e
1	15109439	15112229	1	150811740	150814524	ae017e
1	15089121	15094581	1	150956310	150959733	ae017e
1	15074962	15080069	1	151350799	151357045	ae017e
1	15052496	15055395	1	151358819	151361721	ae017e
1	10484908	10487901	1	152928739	152933046	ae017e
1	5924774	5930685	1	154094617	154101020	238443
1	5205752	5212848	1	154874988	154881926	ae017e
1	302405224	302412626	1	156516341	156520934	0570b0
1	302412866	302414773	1	156521193	156522822	0570b0
1	4804797	4812383	1	157683234	157692420	ae017e
1	47655637	47656480	1	158237832	158239286	0570b0
1	47655637	47656480	1	158240107	158240728	0570b0
1	82195883	82216071	1	159043003	159066620	0570b0
1	98206110	98210970	1	161129445	161137089	0570b0
1	98188030	98205844	1	161342092	161354243	0570b0
1	11080053	11080745	1	165736878	165737715	ae017e
1	11081058	11087418	1	165793261	165796566	ae017e
1	11091462	11092577	1	165845064	165846779	ae017e
1	3868561	3870767	1	167548212	167550572	ae017e
1	3881919	3887532	1	168520884	168526096	ae017e
1	12935830	12944587	1	169163450	169173523	ae017e
1	12935830	12944587	1	169181721	169193621	ae017e
1	92521628	92523447	1	170239974	170241818	0570b0
1	301746861	301760364	1	172963239	172988457	0570b0
1	301786835	301793526	1	173205223	173217809	0570b0
1	216120322	216124299	1	173854545	173858975	0570b0
1	244110837	244118538	1	174799239	174805194	0570b0
1	258065218	258068889	1	175184862	175188345	0570b0
1	258392739	258399642	1	175427412	175434448	0570b0
1	3937929	3943535	1	176468255	176477856	ae017e
1	3925280	3931988	1	176827959	176831321	ae017e
1	3972802	3978210	1	177767485	177771039	ae017e
1	704012	713161	1	178317465	178326269	ae017e
1	22748638	22753086	1	179038524	179041956	ae017e
1	1275163	1282856	1	181821156	181831526	ae017e
1	14856095	14866248	1	183799509	183809323	ae017e
1	14901864	14903023	1	184055831	184056983	ae017e
1	15189710	15197198	1	184525836	184533667	ae017e
1	15198016	15203891	1	184569047	184575366	ae017e
1	15204441	15209488	1	184576585	184585180	ae017e
1	5854953	5858222	1	187405653	187408788	238443
1	4373952	4380503	1	190288447	190295757	ae017e
1	128918970	128923058	1	191684223	191689165	0570b0
1	133126659	133134024	1	192683671	192691867	0570b0
1	133122483	133125447	1	192692627	192696713	0570b0
1	150322789	150330493	1	193316270	193322217	0570b0
1	96498368	96502841	1	194059111	194062877	0570b0
1	111589477	111592043	1	196348911	196351458	0570b0
1	111949127	111954300	1	196482089	196486504	0570b0
1	114048883	114056080	1	197947397	197955900	0570b0
1	14830816	14840144	1	198701798	198713230	ae017e
1	95073118	95082957	1	199168835	199176853	0570b0
1	115634111	115642451	1	199281148	199288644	0570b0
1	11985735	11991098	1	200649718	200654825	ae017e
1	11612381	11625457	1	201813517	201829812	ae017e
1	11629282	11642225	1	201813517	201829812	ae017e
1	10275851	10280354	1	202170938	202176685	ae017e
1	10285779	10290167	1	202210301	202213354	ae017e
1	10211138	10216112	1	202626746	202630533	ae017e
1	308912377	308919639	1	206616670	206623501	0570b0
1	309054577	309060227	1	206638810	206642366	0570b0
1	306418302	306430395	1	206882289	206891566	0570b0
1	249938006	249940119	1	207536858	207538754	0570b0
1	249364116	249367178	1	207670981	207673484	0570b0
1	276417529	276418778	1	208353098	208354537	0570b0
1	276418793	276419834	1	208353098	208354537	0570b0
1	296852679	296862531	1	210378510	210388470	0570b0
1	40097629	40102665	1	211712243	211717662	0570b0
1	37040248	37046610	1	211886278	211893083	0570b0
1	299917495	299922735	1	211922063	211926462	0570b0
1	300101781	300109674	1	212085583	212092688	0570b0
1	27675217	27679100	1	213006105	213010339	ae017e
1	263253529	263262349	1	213487477	213502749	0570b0
1	263245007	263251158	1	213616042	213621956	0570b0
1	298582459	298587442	1	215052647	215057266	0570b0
1	4226484	4231651	1	216712958	216720629	ae017e
1	4214715	4215930	1	218525111	218526334	ae017e
1	68963057	68972509	1	220145598	220154909	0570b0
1	18390810	18394635	1	221790496	221793551	ae017e
1	18406804	18412939	1	222499141	222502714	ae017e
1	1237234	1243815	1	226449364	226459444	ae017e
1	1220195	1226795	1	226601392	226604884	ae017e
1	80566118	80568152	1	227468284	227470009	0570b0
1	53452629	53456743	1	227595010	227598644	0570b0
1	53441251	53447428	1	227599488	227605234	0570b0
1	230838098	230844063	1	227920176	227926892	0570b0
1	19119389	19121255	1	228445506	228447265	ae017e
1	5831462	5832909	1	230415503	230417018	238443
1	4906633	4918775	1	231302144	231317042	ae017e
1	274770190	274771257	1	231456139	231457152	0570b0
1	274785604	274787811	1	231546316	231548858	0570b0
1	6396493	6399658	1	232185515	232188482	238443
1	274763286	274769928	1	232971430	232979260	0570b0
1	18880231	18882687	1	233297498	233299954	ae017e
1	2172857	2180624	1	233459403	233471243	ae017e
1	4002446	4005074	1	234018405	234020835	ae017e
1	6379050	6388896	1	234408658	234418486	238443
1	311995130	311996111	1	236606890	236607989	0570b0
1	310090522	310093138	1	237530680	237532685	0570b0
1	11809185	11813743	1	241021341	241025276	ae017e
1	11906302	11914212	1	241882062	241888669	ae017e
1	11917742	11922180	1	241892564	241896982	ae017e
1	11612381	11625457	1	242693822	242710550	ae017e
1	11629282	11642225	1	242693822	242710550	ae017e
1	85445273	85446379	1	244900791	244902089	0570b0
1	313496876	313504851	1	245997238	246002036	0570b0
1	313461723	313466656	1	246208295	246213182	0570b0
1	313436220	313440522	1	246244571	246249203	0570b0
1	313429682	313432695	1	246322068	246325389	0570b0
1	313383782	313389323	1	246363906	246374643	0570b0
1	313253240	313257358	1	246430895	246434224	0570b0
1	313240539	313247874	1	246447516	246454815	0570b0
1	313530163	313535029	1	247028262	247033328	0570b0
1	313546645	313553714	1	247053101	247060381	0570b0
1	313901787	313904781	1	247161810	247164783	0570b0
1	313905323	313912713	1	247165359	247172426	0570b0
1	12240114	12242872	1	249100447	249103206	ae017e
1	38350466	38353187	1	250379413	250382866	0570b0
1	340559653	340563377	1	251331228	251333792	fc8d62
1	4393178	4397042	1	252174396	252178390	ae017e
1	4397289	4401575	1	252179304	252186835	ae017e
1	1571710	1577290	1	255421255	255426456	ae017e
1	64102587	64108883	1	256664386	256673729	0570b0
1	320932694	320936366	1	256699254	256703886	fc8d62
1	320936981	320941590	1	256699254	256703886	fc8d62
1	52511462	52515666	1	257406151	257410203	0570b0
1	179375024	179377213	1	259448373	259450729	0570b0
1	5023748	5026506	1	260864756	260867328	ae017e
1	5112571	5118898	1	261631896	261639451	ae017e
1	5102754	5111672	1	261790359	261801157	ae017e
1	78293174	78294340	1	263889351	263890286	0570b0
1	2418061	2423354	1	264879555	264884416	ae017e
1	5188523	5197497	1	265298088	265307717	ae017e
1	5184833	5188211	1	265308572	265312166	ae017e
1	5179161	5184569	1	265330074	265334641	ae017e
1	5166848	5178245	1	265564481	265582700	ae017e
1	1287554	1291007	1	266585268	266588481	ae017e
1	236370634	236377201	1	267749003	267758554	0570b0
1	4932165	4937794	1	270229691	270237362	ae017e
1	64130482	64133212	1	271179603	271182309	0570b0
1	280470431	280471252	1	271935412	271936085	0570b0
1	3140450	3146975	1	273558873	273568115	ae017e
1	31790138	31791405	1	275209122	275211234	ae017e
1	18898283	18900483	1	275334311	275336367	ae017e
1	281928757	281936471	1	276518674	276531826	0570b0
1	281980851	281987642	1	277063527	277071984	0570b0
1	281980851	281987642	1	277072630	277085060	0570b0
1	3119260	3125397	1	277608613	277620138	ae017e
1	3081204	3087984	1	278024840	278035914	ae017e
1	17889480	17894634	1	279449264	279454469	ae017e
1	308296422	308300430	1	280472441	280476578	0570b0
1	309320796	309328380	1	281441118	281449662	0570b0
1	44269221	44274791	1	281823418	281827528	0570b0
1	309617782	309619744	1	282852390	282853583	0570b0
1	216598148	216601105	1	284222224	284227013	0570b0
1	217544649	217558733	1	284467713	284490126	0570b0
1	59867856	59873066	1	285340043	285345617	0570b0
1	60612967	60614472	1	285962662	285965095	0570b0
1	74586	78432	1	287459372	287463281	ae017e
1	97704315	97705624	1	288277787	288278483	0570b0
1	78573393	78575589	1	288731546	288733550	0570b0
1	265463579	265466090	1	289580897	289584315	0570b0
1	160626772	160628713	1	290509849	290512187	0570b0
1	3252880	3256645	1	293067109	293069971	ae017e
1	3264716	3279117	1	294682197	294695134	ae017e
1	3264716	3279117	1	294703121	294718966	ae017e
1	160767505	160775670	1	295417496	295430387	0570b0
1	5790875	5799857	1	295714955	295719511	238443
1	20868952	20871632	1	296282584	296285317	ae017e
1	5776789	5790749	1	298236174	298252998	238443
1	5769054	5774916	1	298291003	298297325	238443
1	23647701	23653639	1	300198332	300208188	ae017e
1	1269616	1271361	1	300249292	300250604	ae017e
1	23633769	23645894	1	301728848	301747037	ae017e
1	1264298	1268741	1	302803198	302806363	ae017e
1	1264298	1268741	1	302828285	302832978	ae017e
1	103637894	103639492	1	304002947	304004521	0570b0
1	176123313	176149057	1	305719994	305748748	0570b0
1	148250356	148258350	1	309438724	309444394	0570b0
1	148295672	148301317	1	309476717	309483452	0570b0
1	3164617	3169059	1	309979524	309984728	ae017e
1	7459148	7460115	1	310326643	310327780	238443
1	7497140	7505789	1	310435464	310444004	238443
1	7505816	7509864	1	310443989	310447839	238443
1	7510565	7516221	1	310516142	310522159	238443
1	7555145	7561472	1	310967104	310977796	238443
1	7555145	7561472	1	311000723	311004761	238443
1	7561641	7563475	1	311007372	311009666	238443
1	7564041	7564969	1	311038677	311039487	238443
1	7566419	7568942	1	311070090	311074194	238443
1	7587618	7599173	1	311362581	311373616	238443
1	7653314	7654668	1	311546515	311547724	238443
1	7657981	7663862	1	311584520	311592335	238443
1	7666923	7670021	1	311619835	311623176	238443
1	7717656	7720992	1	311752248	311758195	238443
1	7726523	7729472	1	311761651	311764294	238443
1	7730932	7736103	1	311781719	311786504	238443
1	7740720	7748284	1	311791472	311798955	238443
1	7750722	7754233	1	311801455	311804687	238443
1	7756150	7757144	1	311807136	311808530	238443
1	7775147	7776192	1	311815234	311816318	238443
1	194603702	194604711	1	311818936	311820594	0570b0
1	7783644	7791929	1	311830237	311839085	238443
1	7803355	7805064	1	311841473	311843200	238443
1	7805450	7814713	1	311843460	311852523	238443
1	7828683	7836863	1	311878100	311892025	238443
1	7865114	7868740	1	311906586	311909360	238443
1	7902427	7905820	1	312698193	312701959	238443
1	7910897	7916304	1	312711484	312717666	238443
1	8091344	8101373	1	312908160	312917672	238443
1	8103954	8106017	1	312919931	312922075	238443
1	8173130	8177537	1	313037680	313041883	238443
1	8179128	8180795	1	313043596	313045147	238443
1	8182292	8190599	1	313049144	313057812	238443
1	8190709	8194388	1	313057919	313061378	238443
1	8197574	8207945	1	313074082	313081513	238443
1	8209370	8215712	1	313415714	313422148	238443
1	8256171	8261222	1	313498974	313505303	238443
1	8263839	8273152	1	313508387	313518277	238443
1	8381034	8385213	1	313576743	313581161	238443
1	8387230	8388987	1	313582399	313584224	238443
1	8389776	8392436	1	313584981	313588951	238443
1	8392669	8427867	1	313589240	313624966	238443
1	8432276	8437486	1	313627474	313631440	238443
1	8437842	8446326	1	313631747	313639162	238443
1	8450835	8455578	1	313676120	313680551	238443
1	8460805	8462040	1	313683345	313684354	238443
1	8462228	8466198	1	313684530	313687660	238443
1	8467166	8469975	1	313706553	313709447	238443
1	8209370	8215712	1	314359956	314368954	238443
1	9027383	9034148	1	314513084	314517155	238443
1	9874685	9878825	1	314558387	314562206	238443
1	9109092	9112869	1	314602456	314605949	238443
1	9935817	9939269	1	314602456	314605949	238443
1	23588976	23593198	1	316834679	316837642	ae017e
1	2697811	2705873	1	317393786	317400688	ae017e
1	66518584	66531295	1	318538029	318552710	0570b0
1	185941089	185961153	1	320654854	320668088	0570b0
1	14522897	14523128	1	321399808	321400033	ae017e
1	14520964	14522895	1	321477395	321479010	ae017e
1	14520087	14520962	1	321575755	321576802	ae017e
1	233153176	233157261	1	322566240	322572130	0570b0
1	12166584	12171175	1	324096398	324101159	ae017e
1	13336931	13343544	1	325002372	325014189	ae017e
1	40773678	40784948	1	325936651	325952991	0570b0
1	40771304	40773302	1	325953620	325955579	0570b0
1	19028096	19045938	1	329565774	329575558	ae017e
1	10882497	10886314	1	329971547	329975762	ae017e
1	10900560	10903856	1	330854423	330858355	ae017e
1	3323283	3339605	1	335068247	335096762	ae017e
1	135082711	135088173	1	335702888	335708248	0570b0
1	130454369	130467796	1	335783881	335790985	0570b0
1	65784348	65791179	1	336802604	336809763	0570b0
1	3434312	3436161	1	338151863	338154017	ae017e
1	231613156	231615238	1	341997551	341999571	0570b0
1	137496806	137499516	1	347262758	347265621	0570b0
1	11734229	11736401	1	348655684	348657844	ae017e
1	11735652	11745254	1	348657082	348667466	ae017e
1	11759870	11762402	1	348764544	348766117	ae017e
1	5381347	5383679	1	350585814	350588235	ae017e
1	5383724	5390356	1	350727807	350738186	ae017e
1	72134901	72148668	1	352787474	352803595	0570b0
1	5112571	5118898	1	353771021	353776082	ae017e
1	330699418	330700209	1	354320135	354321004	fc8d62
1	330699418	330700209	1	354321006	354321583	fc8d62
1	340559653	340563377	1	356017598	356022286	fc8d62
1	299077409	299083419	1	361103959	361110278	0570b0
1	299435049	299438616	1	361454807	361458416	0570b0
1	299441550	299449398	1	361512596	361521676	0570b0
1	10602363	10610104	1	363642155	363651401	ae017e
1	10621796	10628634	1	363726775	363733564	ae017e
1	6464038	6469058	1	364168001	364175998	238443
1	10559326	10563186	1	365120102	365123874	ae017e
1	276417529	276418778	1	365214212	365215667	0570b0
1	276418793	276419834	1	365214212	365215667	0570b0
1	242801834	242805270	1	367073599	367076763	0570b0
1	226163360	226171676	1	367100521	367107611	0570b0
1	274279666	274285104	1	367561030	367566131	0570b0
1	39129198	39134188	1	369734804	369737993	0570b0
1	5561474	5576537	1	371012304	371029791	ae017e
1	36776284	36780694	1	371719840	371724890	0570b0
1	102355383	102357857	1	373119551	373120970	0570b0
1	119968709	119970281	1	373119551	373120970	0570b0
1	180579622	180581244	1	373119551	373120970	0570b0
1	48638	53196	1	373368070	373373384	ae017e
1	55633	59340	1	373375663	373380978	ae017e
1	59526	60886	1	373406615	373408167	ae017e
1	131384807	131388148	1	374676914	374682181	0570b0
1	297233582	297235964	1	375505121	375507291	0570b0
1	297260535	297263900	1	375643425	375647763	0570b0
1	298113085	298114815	1	376371159	376372802	0570b0
1	11479377	11484761	1	378166156	378170699	ae017e
1	11457012	11463500	1	378699763	378707042	ae017e
1	11439579	11455999	1	378873096	378894002	ae017e
1	296267044	296276523	1	382713797	382722781	0570b0
1	116596780	116601757	1	384539648	384544616	0570b0
1	24391147	24394865	1	384667853	384672413	ae017e
1	83305591	83310750	1	385410918	385416236	0570b0
1	251751150	251762547	1	387504946	387514597	0570b0
1	20765400	20771561	1	388000138	388008997	ae017e
1	14182971	14186443	1	389065721	389069290	ae017e
1	2945541	2949456	1	390196010	390201089	ae017e
1	63170074	63171104	1	391183866	391185364	0570b0
1	294305539	294314130	1	391331951	391345213	0570b0
1	17325470	17328419	1	391410743	391413352	ae017e
1	11238456	11239887	1	393180535	393182355	ae017e
1	340559653	340563377	1	393794014	393797311	fc8d62
1	2435296	2443667	1	394381482	394388221	ae017e
1	2430282	2434190	1	394388954	394392829	ae017e
1	2423607	2428619	1	394394879	394399675	ae017e
1	5915064	5916744	1	396476780	396478459	238443
1	134291038	134294094	1	397493307	397496026	0570b0
1	263383913	263388801	1	401291085	401298981	0570b0
1	274953092	274959363	1	401687427	401693252	0570b0
1	5887992	5894645	1	403654146	403658844	238443
1	120070702	120078728	1	404560408	404570560	0570b0
1	5703321	5705951	1	405561480	405563776	ae017e
1	5705787	5711067	1	405564141	405572338	ae017e
1	10177697	10184063	1	406035929	406042276	ae017e
1	5267606	5277999	1	407338763	407352862	ae017e
1	22872189	22878452	1	408088676	408095345	ae017e
1	2457925	2462873	1	409012212	409017206	ae017e
1	4768174	4771959	1	410158413	410162889	ae017e
1	4762101	4766627	1	410217430	410221667	ae017e
1	259891967	259899635	1	411957104	411962850	0570b0
1	259061600	259067917	1	412585625	412591717	0570b0
1	960374	965774	1	412898320	412903132	ae017e
1	107367434	107385286	1	416422014	416445168	0570b0
1	158732244	158732651	1	417078260	417078717	0570b0
1	223827623	223828345	1	417078260	417078717	0570b0
1	293143825	293153256	1	420845610	420863817	0570b0
1	7359852	7363272	1	421181306	421184651	238443
1	7369491	7376115	1	421270005	421273508	238443
1	7369491	7376115	1	421273514	421283904	238443
1	7379247	7384836	1	421284157	421289770	238443
1	7427353	7431086	1	421337581	421341282	238443
1	5649095	5654389	1	424471587	424475853	ae017e
1	47442303	47455353	1	428149823	428165242	0570b0
1	48498370	48511964	1	429508975	429527005	0570b0
1	48640381	48644222	1	429530416	429533424	0570b0
1	48638816	48639667	1	429534078	429535050	0570b0
1	48831905	48837680	1	429709150	429714817	0570b0
1	302318759	302336173	1	431227477	431239924	0570b0
1	14153371	14159893	1	433016682	433021983	ae017e
1	3291608	3301590	1	434558006	434567718	ae017e
1	9962654	9963984	1	435182885	435184282	238443
1	9964727	9976053	1	435184773	435195963	238443
1	9985440	9992455	1	435247955	435254704	238443
1	10069580	10076129	1	436147584	436154186	ae017e
1	10077888	10082737	1	436209350	436213977	ae017e
1	225479068	225486142	1	440804878	440811693	0570b0
1	10848198	10851366	1	442898389	442901447	ae017e
1	10840132	10841566	1	443000159	443001800	ae017e
1	10669545	10691238	1	444455395	444477294	ae017e
1	10715655	10724656	1	444507627	444517405	ae017e
1	19922916	19927477	1	445523568	445528678	ae017e
1	26139200	26187529	1	446638677	446712503	ae017e
1	13988084	13992197	1	450178377	450183491	ae017e
1	5218571	5221845	1	452214997	452217860	ae017e
1	5222720	5242290	1	452687298	452708034	ae017e
1	4863947	4872450	1	455264396	455276078	ae017e
1	4876779	4884176	1	456008434	456021472	ae017e
1	62893642	62899107	1	456875119	456880589	0570b0
1	245943532	245955235	1	457518208	457527571	0570b0
1	310734793	310742019	1	458081364	458088587	0570b0
1	311157000	311159315	1	458197080	458199043	0570b0
1	6350185	6356116	1	458637000	458643005	238443
1	257016404	257036313	1	459670698	459699340	0570b0
1	187671100	187680844	1	460512435	460517926	0570b0
1	123315748	123318217	1	460863886	460865913	0570b0
1	65445728	65451400	1	460914906	460919824	0570b0
1	65600012	65604212	1	461106122	461110631	0570b0
1	65605937	65610018	1	461114043	461118788	0570b0
1	4893718	4905707	1	461342402	461352895	ae017e
1	11888436	11893100	1	461807098	461812731	ae017e
1	264694658	264706894	1	462392148	462413177	0570b0
1	3543458	3545767	1	462756937	462759061	ae017e
1	265870600	265881631	1	463523485	463533768	0570b0
1	317559908	317564929	1	471450138	471453829	0570b0
1	13699392	13702237	1	491995636	491999642	ae017e
