Species_1	Start_1	End_1	Species_2	Start_2	End_2	fill
2	6764957	6769861	1	48638	53196	ae017e
2	6758854	6764165	1	55633	59340	ae017e
2	6749713	6750268	1	67133	68025	ae017e
2	6737711	6741736	1	74586	78432	ae017e
2	6731771	6735888	1	79934	82998	ae017e
2	6669233	6673139	1	110482	114343	ae017e
2	6791401	6795173	1	285869	290196	ae017e
2	6826398	6828489	1	291679	293259	ae017e
2	6832200	6834386	1	297004	299290	ae017e
2	6838591	6848011	1	302370	311698	ae017e
2	6883118	6891175	1	313935	323023	ae017e
2	6949020	6949879	1	338279	339011	ae017e
2	6954104	6959349	1	341356	346271	ae017e
2	6969079	6976155	1	351956	358923	ae017e
2	6979531	6980799	1	360699	362862	ae017e
1	21982123	21983450	1	366315	368291	ae017e
2	7002943	7005254	1	368359	370633	ae017e
1	48336281	48338258	1	371128	373081	ae017e
2	7005494	7012400	1	669245	675662	ae017e
2	7090160	7097199	1	704012	713161	ae017e
2	7097959	7104752	1	713214	718908	ae017e
2	7178743	7183049	1	730245	732622	ae017e
2	7245264	7251060	1	734654	741209	ae017e
2	7251983	7252963	1	741577	742667	ae017e
2	7316587	7324453	1	747176	756809	ae017e
2	7368224	7378702	1	895351	907770	ae017e
1	16183114	16188271	1	909489	914828	ae017e
2	7382836	7386577	1	915320	919526	ae017e
2	7387250	7387882	1	919650	920698	ae017e
2	7389725	7392089	1	923584	926247	ae017e
2	7402946	7406754	1	942844	946057	ae017e
2	7419148	7425943	1	947057	953356	ae017e
2	7497782	7503113	1	960374	965774	ae017e
2	7523406	7524398	1	966820	968254	ae017e
2	7525335	7528734	1	969087	970827	ae017e
2	7530057	7532563	1	971240	974033	ae017e
2	7578900	7582235	1	978852	982590	ae017e
2	7590754	7593456	1	989958	993504	ae017e
2	7672782	7676344	1	1156721	1160066	ae017e
2	7699157	7701180	1	1169957	1172021	ae017e
2	7742488	7748940	1	1220195	1226795	ae017e
2	7749622	7756641	1	1237234	1243815	ae017e
2	7758342	7765815	1	1245078	1252025	ae017e
2	7785957	7789649	1	1264298	1268741	ae017e
2	7791332	7793372	1	1269616	1271361	ae017e
1	90150910	90153107	1	1272342	1274981	ae017e
2	7795578	7804426	1	1275163	1282856	ae017e
2	7815096	7818419	1	1287554	1291007	ae017e
1	20516595	20520727	1	1337370	1339588	ae017e
2	7874879	7876633	1	1337370	1339588	ae017e
2	7937852	7945288	1	1341713	1350130	ae017e
2	7945338	7947507	1	1350467	1352174	ae017e
2	7968658	7971823	1	1557504	1560577	ae017e
2	8001280	8002431	1	1563268	1564949	ae017e
2	8013237	8015929	1	1579150	1582130	ae017e
2	8041335	8042646	1	1596966	1598074	ae017e
2	8044383	8049892	1	1600255	1605757	ae017e
2	8081438	8095514	1	1763720	1774596	ae017e
2	8097287	8098090	1	1776557	1777631	ae017e
2	8098350	8109982	1	1777497	1790347	ae017e
2	8118039	8118524	1	1793636	1794361	ae017e
2	8201787	8203558	1	1801639	1803945	ae017e
2	8203704	8204264	1	1804019	1804784	ae017e
2	8223436	8228346	1	1809716	1814611	ae017e
2	8234058	8238596	1	1815006	1818401	ae017e
2	8242796	8244256	1	1820684	1822515	ae017e
2	8254774	8256240	1	1820684	1822515	ae017e
2	8260999	8262465	1	1824143	1826023	ae017e
2	8275503	8278334	1	1835588	1837326	ae017e
2	8298544	8300010	1	1838360	1840226	ae017e
2	8318602	8320047	1	1844584	1846308	ae017e
2	8318602	8320047	1	1861797	1863554	ae017e
2	8357910	8359388	1	1864089	1865582	ae017e
2	8360868	8363329	1	1867426	1870094	ae017e
2	8379543	8382651	1	1873659	1877466	ae017e
2	8385244	8388703	1	1879934	1882947	ae017e
2	8389079	8389465	1	1883291	1883946	ae017e
2	8416449	8423020	1	1891625	1899442	ae017e
2	8640924	8643407	1	2154937	2157582	ae017e
2	8592522	8595863	1	2166115	2171831	ae017e
2	8582231	8589643	1	2172857	2180624	ae017e
2	8554465	8556595	1	2192504	2195841	ae017e
2	8544740	8547291	1	2199151	2201699	ae017e
2	8543292	8544275	1	2201792	2202924	ae017e
2	8535148	8536657	1	2220896	2222139	ae017e
2	8482461	8484485	1	2225774	2227918	ae017e
2	8482461	8484485	1	2230147	2232538	ae017e
2	8476345	8478613	1	2232540	2235388	ae017e
2	8472141	8475434	1	2236505	2239948	ae017e
2	8437244	8437702	1	2264791	2265495	ae017e
2	8434122	8434820	1	2266167	2267133	ae017e
2	8715552	8717894	1	2355610	2357468	ae017e
2	8718602	8722229	1	2358282	2363037	ae017e
2	8748912	8749812	1	2369562	2370755	ae017e
2	8750101	8751351	1	2371023	2372166	ae017e
2	8753984	8759429	1	2373711	2379090	ae017e
2	8763840	8764406	1	2381105	2382053	ae017e
2	8772632	8774176	1	2404258	2407001	ae017e
2	8775926	8783856	1	2408379	2416467	ae017e
2	8790230	8793800	1	2418061	2423354	ae017e
2	8794664	8798887	1	2423607	2428619	ae017e
2	8800772	8806118	1	2430282	2434190	ae017e
2	8807668	8815360	1	2435296	2443667	ae017e
2	8824535	8827931	1	2448875	2451218	ae017e
2	8887379	8891174	1	2457925	2462873	ae017e
2	8914055	8916255	1	2468550	2470835	ae017e
2	8939262	8947100	1	2477798	2483383	ae017e
2	8967958	8969476	1	2491508	2492690	ae017e
2	8977491	8978311	1	2512285	2513300	ae017e
2	9002452	9005322	1	2529563	2534804	ae017e
2	9006111	9010640	1	2534806	2542041	ae017e
2	9015120	9016469	1	2674096	2675653	ae017e
1	18455440	18460385	1	2675515	2680407	ae017e
2	9017401	9022898	1	2675515	2680407	ae017e
2	9024549	9025505	1	2682002	2683415	ae017e
2	9028105	9028749	1	2685075	2686005	ae017e
2	9034531	9035064	1	2690525	2691429	ae017e
2	9036848	9044848	1	2697811	2705873	ae017e
2	9059396	9064297	1	2710662	2715387	ae017e
2	9077071	9078367	1	2722329	2723264	ae017e
2	9089690	9096841	1	2724249	2730144	ae017e
2	9152622	9157860	1	2770621	2775452	ae017e
2	9158843	9163217	1	2770621	2775452	ae017e
2	9168768	9172329	1	2775363	2781178	ae017e
2	9232064	9238458	1	2805908	2813253	ae017e
2	9232064	9238458	1	2813931	2819508	ae017e
2	9248686	9250701	1	2824581	2827139	ae017e
2	9433137	9433769	1	2938835	2939718	ae017e
2	9415205	9415837	1	2941647	2942486	ae017e
2	9307818	9314404	1	2950473	2957359	ae017e
2	9280199	9281110	1	2974645	2975658	ae017e
2	9273394	9274144	1	2978256	2979210	ae017e
2	9914525	9916006	1	3069531	3071583	ae017e
2	9912375	9913625	1	3072022	3073763	ae017e
2	9842930	9844919	1	3091960	3094151	ae017e
2	9799503	9800195	1	3117473	3118584	ae017e
2	9792709	9797810	1	3119260	3125397	ae017e
2	9774440	9778414	1	3136495	3139052	ae017e
2	9701187	9705795	1	3164617	3169059	ae017e
2	9654278	9668107	1	3223087	3244242	ae017e
2	9644332	9650043	1	3245926	3252872	ae017e
2	9639714	9643834	1	3252880	3256645	ae017e
2	9602789	9612108	1	3291608	3301590	ae017e
2	9542581	9553560	1	3302845	3313914	ae017e
2	9512852	9527639	1	3323283	3339605	ae017e
2	10340395	10343592	1	3419583	3423219	ae017e
2	10278494	10279902	1	3430565	3431874	ae017e
2	10274870	10276090	1	3434312	3436161	ae017e
2	10267941	10268546	1	3439802	3440631	ae017e
2	10224711	10225367	1	3479656	3480482	ae017e
2	10216876	10222859	1	3481923	3487028	ae017e
2	10179983	10180833	1	3507560	3508837	ae017e
2	10142952	10147884	1	3511409	3515763	ae017e
2	10135486	10140585	1	3520584	3527247	ae017e
2	10086019	10089800	1	3538463	3542463	ae017e
2	10081210	10085241	1	3543458	3545767	ae017e
2	10056338	10065079	1	3552296	3560648	ae017e
2	10039169	10041316	1	3561134	3563356	ae017e
2	10030292	10037631	1	3564037	3573150	ae017e
2	9936105	9947232	1	3574778	3586990	ae017e
2	9933804	9934622	1	3588728	3589742	ae017e
2	10808580	10812408	1	3858171	3862984	ae017e
2	10804835	10807027	1	3868561	3870767	ae017e
2	10781847	10786475	1	3881919	3887532	ae017e
2	10771593	10776465	1	3889982	3896274	ae017e
2	10769256	10770496	1	3897282	3899001	ae017e
2	10765574	10768003	1	3901658	3903600	ae017e
2	10751195	10753157	1	3914861	3917877	ae017e
2	10713176	10717581	1	3932654	3936927	ae017e
2	10673126	10677557	1	3937929	3943535	ae017e
2	10627632	10629667	1	3959234	3961793	ae017e
2	10623094	10627561	1	3961679	3966576	ae017e
2	10617259	10617702	1	3969764	3970433	ae017e
2	10578317	10583439	1	3972802	3978210	ae017e
2	10570731	10573935	1	3979157	3982262	ae017e
2	10551466	10553249	1	4002446	4005074	ae017e
2	10540013	10544915	1	4005120	4010672	ae017e
2	10488875	10491828	1	4015857	4019673	ae017e
2	10454279	10455100	1	4214715	4215930	ae017e
2	10434505	10439203	1	4226484	4231651	ae017e
2	11075031	11077587	1	4371124	4373938	ae017e
2	11068974	11074796	1	4373952	4380503	ae017e
2	11019577	11024343	1	4393178	4397042	ae017e
1	82767869	82772390	1	4397289	4401575	ae017e
2	11014958	11018363	1	4397289	4401575	ae017e
2	10991446	10992308	1	4404771	4405971	ae017e
2	10981923	10990663	1	4405999	4416025	ae017e
2	10952787	10959879	1	4419461	4426502	ae017e
2	10947635	10949990	1	4427752	4432358	ae017e
2	10906846	10911109	1	4504594	4511675	ae017e
2	11083458	11086215	1	4613769	4615968	ae017e
2	11086322	11089257	1	4616074	4618053	ae017e
2	11103679	11105910	1	4616074	4618053	ae017e
2	11115394	11122104	1	4623546	4633365	ae017e
2	11137021	11139703	1	4640341	4642908	ae017e
2	11207419	11209358	1	4672568	4675070	ae017e
2	11265334	11265855	1	4694671	4695511	ae017e
2	11278674	11282961	1	4699139	4704566	ae017e
2	11307509	11310316	1	4725168	4728784	ae017e
2	11319298	11320640	1	4736802	4738242	ae017e
2	11323418	11323897	1	4740158	4740818	ae017e
2	11327441	11328819	1	4744463	4747010	ae017e
2	11350003	11354907	1	4762101	4766627	ae017e
2	11389776	11396671	1	4804797	4812383	ae017e
2	11404258	11405982	1	4817344	4819379	ae017e
2	11410319	11412648	1	4817344	4819379	ae017e
2	11404258	11405982	1	4821803	4824221	ae017e
2	11410319	11412648	1	4821803	4824221	ae017e
2	11426876	11430889	1	4827612	4833854	ae017e
2	11459683	11466187	1	4845134	4851275	ae017e
2	11466573	11469750	1	4851373	4853756	ae017e
2	11470458	11471893	1	4854964	4856235	ae017e
2	11474857	11478120	1	4858124	4860846	ae017e
2	11485641	11496229	1	4863947	4872450	ae017e
2	11527168	11534714	1	4876779	4884176	ae017e
2	11535958	11538712	1	4884414	4887876	ae017e
2	11565898	11575859	1	4893718	4905707	ae017e
2	11577236	11589479	1	4906633	4918775	ae017e
2	11591089	11600257	1	4919691	4929725	ae017e
2	11602021	11610082	1	4932165	4937794	ae017e
2	12206101	12208558	1	5023748	5026506	ae017e
2	12202477	12205045	1	5027047	5031173	ae017e
2	12196921	12202168	1	5031059	5040464	ae017e
2	12159826	12162960	1	5070098	5073679	ae017e
2	12067609	12076140	1	5102754	5111672	ae017e
2	12031919	12035462	1	5155885	5159732	ae017e
2	12027074	12031444	1	5159685	5164937	ae017e
2	12009064	12024170	1	5166848	5178245	ae017e
2	11992353	11996486	1	5179161	5184569	ae017e
2	11987406	11991691	1	5184833	5188211	ae017e
2	11978031	11986845	1	5188523	5197497	ae017e
2	11963130	11969169	1	5205752	5212848	ae017e
2	11958049	11960286	1	5215522	5218106	ae017e
2	11943922	11946555	1	5218571	5221845	ae017e
1	11203522	11204335	1	5222170	5222644	ae017e
2	11941806	11942524	1	5222170	5222644	ae017e
2	11922780	11942225	1	5222720	5242290	ae017e
2	11902426	11911114	1	5243403	5252630	ae017e
2	11897239	11901555	1	5259783	5265949	ae017e
2	11857206	11866575	1	5279582	5289278	ae017e
2	11834658	11854909	1	5290906	5312489	ae017e
2	11819668	11822187	1	5320751	5323665	ae017e
2	11795564	11806461	1	5333430	5340521	ae017e
2	11767329	11771870	1	5342000	5347124	ae017e
2	11757287	11761561	1	5359298	5363475	ae017e
2	11747985	11756548	1	5364644	5371563	ae017e
2	11728674	11733870	1	5374235	5380185	ae017e
2	11724851	11727430	1	5381347	5383679	ae017e
2	11717162	11723933	1	5383724	5390356	ae017e
2	11691524	11697719	1	5397068	5401119	ae017e
2	11621314	11628104	1	5408544	5415792	ae017e
2	12246828	12251634	1	5539264	5544992	ae017e
2	12253187	12254903	1	5546961	5547932	ae017e
2	12273726	12289392	1	5561474	5576537	ae017e
2	12310787	12311521	1	5603629	5604821	ae017e
2	12314126	12320841	1	5606463	5613203	ae017e
2	12384662	12388898	1	5655529	5660058	ae017e
2	12449888	12452144	1	5675681	5677246	ae017e
2	12458325	12461257	1	5703321	5705951	ae017e
2	12461442	12467916	1	5705787	5711067	ae017e
2	12470465	12470710	1	5712867	5713276	ae017e
2	12474396	12474704	1	5715647	5716178	ae017e
2	12478429	12480334	1	5718084	5720528	ae017e
2	12478121	12484000	1	5720502	5724056	ae017e
2	12503485	12510359	1	5761157	5768067	ae017e
2	12540997	12546626	1	5769054	5774916	238443
2	12549040	12561882	1	5776789	5790749	238443
2	12571465	12579215	1	5804125	5810477	238443
2	12617226	12623832	1	5817944	5822180	238443
1	12722614	12725289	1	5826458	5828820	238443
2	12629352	12631367	1	5826458	5828820	238443
2	12634548	12635607	1	5831462	5832909	238443
2	12639483	12639845	1	5836144	5836737	238443
2	12644816	12647547	1	5837465	5840728	238443
2	12663905	12666568	1	5850659	5852408	238443
2	12690997	12694630	1	5881457	5885237	238443
2	12680945	12686924	1	5887992	5894645	238443
2	12702994	12704962	1	5904177	5906470	238443
2	12720713	12721672	1	5915064	5916744	238443
1	12938725	12939920	1	5917209	5919545	238443
2	12722459	12725442	1	5917209	5919545	238443
2	12779335	12784002	1	5924774	5930685	238443
2	12785366	12787536	1	5931171	5933701	238443
2	12834253	12836287	1	5973456	5975931	238443
2	12903839	12905608	1	5973456	5975931	238443
2	12834253	12836287	1	5977796	5979167	238443
2	12903839	12905608	1	5977796	5979167	238443
2	12909784	12912148	1	5981779	5983286	238443
2	12912650	12914712	1	5984082	5985877	238443
2	12915935	12919660	1	5986124	5990143	238443
2	12944434	12953142	1	6053000	6060650	238443
2	12953498	12957665	1	6060848	6064223	238443
2	12958659	12963218	1	6064635	6068833	238443
2	12972430	12977413	1	6201133	6207843	238443
2	13015573	13025398	1	6201133	6207843	238443
2	13080150	13085456	1	6201133	6207843	238443
2	12972430	12977413	1	6253183	6257540	238443
2	13080150	13085456	1	6253183	6257540	238443
2	13091084	13094798	1	6270567	6274191	238443
2	13116316	13121430	1	6287530	6292067	238443
2	13133727	13138015	1	6319130	6321523	238443
2	13138630	13140972	1	6322151	6324729	238443
2	13164597	13169122	1	6329036	6334489	238443
2	13211307	13215248	1	6342106	6346392	238443
2	13218892	13222156	1	6350185	6356116	238443
2	13228288	13230394	1	6360645	6362778	238443
2	13252070	13262138	1	6379050	6388896	238443
2	13264369	13269160	1	6390750	6395468	238443
2	13278898	13282444	1	6396493	6399658	238443
2	40216474	40218213	1	6396493	6399658	238443
2	13283030	13318070	1	6401028	6432115	238443
2	13331886	13335526	1	6464038	6469058	238443
2	13340163	13344429	1	6476470	6480526	238443
2	13344720	13349337	1	6480538	6486710	238443
2	13354925	13355679	1	6490715	6491688	238443
2	13408513	13414856	1	6511153	6516832	238443
2	13445788	13459771	1	6594800	6609452	238443
2	13460589	13464491	1	6609802	6613866	238443
2	13472545	13479424	1	6617692	6624371	238443
2	13481730	13485584	1	6625946	6630279	238443
2	13490867	13495630	1	6631743	6635958	238443
2	13502012	13510862	1	6640600	6649763	238443
2	13512368	13512802	1	6650820	6651561	238443
2	13514117	13524084	1	6655993	6663656	238443
2	13536885	13546449	1	6783748	6794328	238443
2	13551611	13557396	1	6797838	6804645	238443
2	13558152	13561420	1	6805728	6810070	238443
1	14155080	14156686	1	6841388	6842506	238443
2	13577420	13578097	1	6841388	6842506	238443
2	13598412	13607621	1	6891088	6900167	238443
2	13608455	13612106	1	6908430	6913264	238443
1	98881733	98884400	1	7161179	7163813	238443
1	99390361	99393512	1	7161179	7163813	238443
1	98881733	98884400	1	7166347	7169372	238443
1	99390361	99393512	1	7166347	7169372	238443
1	98881733	98884400	1	7172866	7175832	238443
1	99390361	99393512	1	7172866	7175832	238443
1	98881733	98884400	1	7267625	7271026	238443
1	99390361	99393512	1	7267625	7271026	238443
1	98881733	98884400	1	7275086	7277109	238443
1	99390361	99393512	1	7275086	7277109	238443
2	13644867	13646291	1	7282310	7284158	238443
2	13651528	13668124	1	7284776	7304729	238443
2	13686543	13689121	1	7359852	7363272	238443
2	13697740	13704328	1	7369491	7376115	238443
2	13705124	13710356	1	7379247	7384836	238443
2	13730107	13733340	1	7427353	7431086	238443
2	13759785	13760627	1	7463153	7464247	238443
2	13766976	13774653	1	7497140	7505789	238443
2	13775058	13779018	1	7505816	7509864	238443
2	13779948	13785980	1	7510565	7516221	238443
2	13808017	13814030	1	7555145	7561472	238443
2	13814627	13816355	1	7561641	7563475	238443
2	13817185	13817667	1	7564041	7564969	238443
2	13821434	13823618	1	7566419	7568942	238443
2	13827295	13831677	1	7570184	7575004	238443
1	14672452	14673698	1	7586508	7587414	238443
2	13872096	13872803	1	7586508	7587414	238443
2	13873003	13884020	1	7587618	7599173	238443
2	13894996	13896605	1	7653314	7654668	238443
2	13901691	13907211	1	7657981	7663862	238443
2	13911424	13914296	1	7666923	7670021	238443
2	13945287	13949919	1	7717656	7720992	238443
2	13999156	14003909	1	7730932	7736103	238443
2	14013740	14021297	1	7740720	7748284	238443
2	14021891	14024777	1	7750722	7754233	238443
2	14033116	14033957	1	7756150	7757144	238443
1	9051053	9052349	1	7775147	7776192	238443
2	14041211	14041969	1	7775147	7776192	238443
2	14049259	14057005	1	7783644	7791929	238443
2	14058720	14060294	1	7803355	7805064	238443
2	14060672	14068494	1	7805450	7814713	238443
2	14105044	14107624	1	7865114	7868740	238443
2	14170196	14172376	1	7902427	7905820	238443
2	14176764	14183435	1	7910897	7916304	238443
2	14191825	14193535	1	7925657	7928002	238443
2	14236820	14248639	1	8091344	8101373	238443
2	14265973	14268041	1	8103954	8106017	238443
2	14306664	14310821	1	8173130	8177537	238443
1	8167848	8168762	1	8177730	8178339	238443
2	14311426	14311794	1	8177730	8178339	238443
2	14339238	14345920	1	8182292	8190599	238443
1	8119498	8121575	1	8190709	8194388	238443
2	14349376	14351553	1	8190709	8194388	238443
2	14354131	14360625	1	8197574	8207945	238443
2	14363009	14367344	1	8209370	8215712	238443
1	7906421	7908724	1	8251998	8256169	238443
2	14368115	14370341	1	8251998	8256169	238443
2	14416392	14422351	1	8256171	8261222	238443
2	14423712	14431118	1	8263839	8273152	238443
2	14450587	14454187	1	8381034	8385213	238443
2	14456802	14457875	1	8387230	8388987	238443
2	14459292	14461382	1	8389776	8392436	238443
2	14462501	14498112	1	8392669	8427867	238443
2	14511953	14515637	1	8432276	8437486	238443
2	14516435	14522217	1	8437842	8446326	238443
2	14527152	14531908	1	8450835	8455578	238443
2	14534464	14536039	1	8460805	8462040	238443
2	14536125	14539080	1	8462228	8466198	238443
2	14540272	14542885	1	8467166	8469975	238443
2	14542973	14547406	1	8470065	8472734	238443
2	64905894	64907222	1	9057799	9060299	238443
1	7395420	7397319	1	9861628	9863688	238443
2	14557763	14560889	1	9861628	9863688	238443
1	7382600	7385660	1	9874685	9878825	238443
2	14570980	14575676	1	9874685	9878825	238443
2	14622508	14631024	1	9921487	9929405	238443
2	14637291	14639027	1	9935817	9939269	238443
2	14699629	14701745	1	9962654	9963984	238443
2	14703140	14711088	1	9964727	9976053	238443
2	14721414	14727903	1	9985440	9992455	238443
2	14741516	14744446	1	10044955	10048005	238443
2	14750934	14751554	1	10059586	10060767	238443
2	14755583	14761786	1	10069580	10076129	ae017e
2	14762500	14766857	1	10077888	10082737	ae017e
2	14813060	14814361	1	10109518	10111065	ae017e
2	14819190	14824956	1	10177697	10184063	ae017e
2	14839950	14844466	1	10211138	10216112	ae017e
2	14849778	14857267	1	10266554	10274649	ae017e
2	14857964	14862222	1	10275851	10280354	ae017e
2	14906811	14907635	1	10283222	10284223	ae017e
2	14909365	14913040	1	10285779	10290167	ae017e
1	96236088	96237463	1	10303850	10304967	ae017e
1	96240051	96241297	1	10303850	10304967	ae017e
1	96243885	96245260	1	10303850	10304967	ae017e
2	14929961	14931052	1	10303850	10304967	ae017e
2	14942729	14944300	1	10362806	10364763	ae017e
2	14946623	14948412	1	10362806	10364763	ae017e
2	14993412	14995218	1	10373569	10375474	ae017e
2	15056376	15057173	1	10446980	10448005	ae017e
2	15058492	15059611	1	10459949	10461168	ae017e
2	15078270	15082015	1	10468768	10475807	ae017e
2	1729903	1735365	1	10484908	10487901	ae017e
2	1726669	1729713	1	10490388	10494119	ae017e
2	1709963	1719438	1	10531278	10542874	ae017e
2	1706035	1707919	1	10543760	10545327	ae017e
2	1701793	1703112	1	10554356	10556670	ae017e
2	1693050	1697383	1	10559326	10563186	ae017e
2	1685412	1691327	1	10602363	10610104	ae017e
2	1676147	1684044	1	10621796	10628634	ae017e
2	1643545	1663186	1	10669545	10691238	ae017e
2	1632265	1640455	1	10715655	10724656	ae017e
2	1590367	1591822	1	10796320	10797519	ae017e
2	1584631	1586456	1	10840132	10841566	ae017e
2	1577492	1580600	1	10848198	10851366	ae017e
2	1571321	1575880	1	10859709	10863626	ae017e
2	1569673	1570506	1	10864099	10865146	ae017e
2	1467142	1470354	1	10882497	10886314	ae017e
2	1458932	1463786	1	10887135	10892877	ae017e
2	1452964	1457788	1	10893749	10898952	ae017e
2	1448781	1451548	1	10900560	10903856	ae017e
2	1373372	1373962	1	11080053	11080745	ae017e
2	1365794	1372605	1	11081058	11087418	ae017e
2	1358213	1358977	1	11091462	11092577	ae017e
2	1349196	1357127	1	11146029	11152810	ae017e
2	1328402	1329970	1	11239859	11241788	ae017e
2	1319966	1323744	1	11249411	11253074	ae017e
2	1310462	1313906	1	11258886	11261638	ae017e
2	1294239	1297304	1	11289542	11292566	ae017e
2	1283229	1288589	1	11359036	11363557	ae017e
2	1276957	1278291	1	11378606	11380022	ae017e
2	1248132	1262147	1	11439579	11455999	ae017e
2	1241682	1247060	1	11457012	11463500	ae017e
2	1236711	1240780	1	11479377	11484761	ae017e
2	1230354	1236225	1	11485014	11490212	ae017e
2	1218338	1221860	1	11548676	11552054	ae017e
2	1213755	1216506	1	11553685	11556314	ae017e
2	1209624	1212285	1	11557096	11560305	ae017e
2	1199834	1203765	1	11563890	11569171	ae017e
2	1182844	1185897	1	11587055	11592915	ae017e
2	1131980	1143600	1	11612381	11625457	ae017e
2	1145675	1157053	1	11612381	11625457	ae017e
2	1131980	1143600	1	11629282	11642225	ae017e
2	1145675	1157053	1	11629282	11642225	ae017e
2	1120041	1129803	1	11724442	11730936	ae017e
2	1117290	1118519	1	11731425	11732352	ae017e
2	1112519	1114843	1	11734229	11736401	ae017e
2	1104593	1112193	1	11735652	11745254	ae017e
2	1088920	1093314	1	11762850	11769343	ae017e
2	1080573	1084397	1	11809185	11813743	ae017e
2	1070219	1071712	1	11831544	11832968	ae017e
2	1041777	1047995	1	11888436	11893100	ae017e
2	1032315	1040532	1	11906302	11914212	ae017e
2	1026360	1031303	1	11917742	11922180	ae017e
2	1018710	1022093	1	11950525	11954813	ae017e
2	997594	1003879	1	11985735	11991098	ae017e
2	978904	984797	1	12000088	12005942	ae017e
2	973152	977114	1	12010708	12014249	ae017e
2	964641	970457	1	12025543	12031455	ae017e
2	946310	948853	1	12065667	12068909	ae017e
2	935970	940185	1	12069067	12072122	ae017e
2	930418	934167	1	12072902	12077159	ae017e
2	918404	920978	1	12158307	12160334	ae017e
2	912177	917257	1	12166584	12171175	ae017e
2	902017	905160	1	12214275	12217424	ae017e
2	891760	898423	1	12219053	12224727	ae017e
2	881764	886667	1	12237256	12240112	ae017e
2	836813	846745	1	12519938	12534032	ae017e
2	818404	821830	1	12570385	12573234	ae017e
2	801261	802890	1	12577163	12579042	ae017e
1	3262208	3265204	1	12585378	12588592	ae017e
2	786279	791089	1	12585378	12588592	ae017e
2	765031	768611	1	12872648	12875451	ae017e
2	753672	761144	1	12926318	12934587	ae017e
2	744245	752799	1	12935830	12944587	ae017e
2	733480	735471	1	12953191	12955784	ae017e
1	99164330	99164809	1	13072608	13073406	ae017e
2	716623	723601	1	13080226	13084319	ae017e
2	662896	670874	1	13084655	13091845	ae017e
2	658866	660989	1	13096419	13098620	ae017e
2	634117	639754	1	13224786	13229352	ae017e
2	624612	627354	1	13251047	13253564	ae017e
2	620800	621255	1	13312282	13313022	ae017e
2	605553	613462	1	13336931	13343544	ae017e
2	598535	603727	1	13360800	13365815	ae017e
2	596052	598104	1	13365995	13368322	ae017e
2	588367	589998	1	13377674	13379567	ae017e
2	579757	587923	1	13383148	13390823	ae017e
2	551892	555997	1	13646342	13650349	ae017e
2	397168	401469	1	13650747	13655172	ae017e
2	402461	404706	1	13656587	13659132	ae017e
2	407150	409565	1	13661750	13664400	ae017e
2	409580	412144	1	13664835	13668123	ae017e
2	1433286	1435392	1	13668276	13670762	ae017e
2	413185	415260	1	13668276	13670762	ae017e
2	1433286	1435392	1	13723066	13725581	ae017e
2	413185	415260	1	13723066	13725581	ae017e
2	427151	433327	1	13788539	13794448	ae017e
2	435983	438310	1	13819533	13821861	ae017e
2	449547	458576	1	13857149	13865774	ae017e
2	459582	462857	1	13866486	13871600	ae017e
2	468223	470387	1	13873953	13877122	ae017e
2	472604	475068	1	13880063	13883532	ae017e
2	479738	486698	1	13929819	13935371	ae017e
2	488813	490063	1	13940552	13942262	ae017e
2	490301	497033	1	13942308	13947953	ae017e
2	517434	519835	1	13971463	13974514	ae017e
2	536147	536967	1	13984009	13984887	ae017e
2	546216	551619	1	13988084	13992197	ae017e
2	377411	382639	1	14136015	14143519	ae017e
2	364956	369063	1	14153371	14159893	ae017e
2	343331	346026	1	14182971	14186443	ae017e
2	320484	323958	1	14338818	14345300	ae017e
2	319533	320201	1	14345375	14346402	ae017e
2	314846	317948	1	14360544	14364509	ae017e
2	305665	310665	1	14401184	14406620	ae017e
2	290146	291194	1	14430422	14431892	ae017e
2	281652	284837	1	14498752	14502969	ae017e
2	280032	281117	1	14503028	14504591	ae017e
2	272963	274962	1	14517004	14519562	ae017e
2	276918	278293	1	14517004	14519562	ae017e
1	1110241	1111409	1	14520087	14520962	ae017e
2	276072	276850	1	14520087	14520962	ae017e
2	264310	266332	1	14526678	14529612	ae017e
2	243277	245106	1	14686337	14688618	ae017e
2	232771	235898	1	14786452	14791584	ae017e
2	226454	228987	1	14793673	14798657	ae017e
2	217025	226067	1	14830816	14840144	ae017e
2	28656398	28657247	1	14840146	14840868	ae017e
2	213634	214688	1	14843306	14845026	ae017e
2	207042	207953	1	14851634	14852876	ae017e
2	205334	205989	1	14853935	14855101	ae017e
2	193075	204059	1	14856095	14866248	ae017e
2	111436	113486	1	14901864	14903023	ae017e
2	106618	109451	1	15052496	15055395	ae017e
1	592543	596708	1	15074962	15080069	ae017e
2	77569	81627	1	15074962	15080069	ae017e
2	73982	76517	1	15109439	15112229	ae017e
2	59391	68903	1	15147385	15154872	ae017e
2	56256	57333	1	15159146	15160813	ae017e
2	51539	54296	1	15161962	15165922	ae017e
2	47791	49937	1	15167570	15169976	ae017e
2	35806	42365	1	15189710	15197198	ae017e
2	30802	34618	1	15198016	15203891	ae017e
2	25177	30117	1	15204441	15209488	ae017e
2	8740	9480	1	15338634	15339741	ae017e
2	6267202	6268742	1	15342764	15344375	ae017e
1	82911989	82913380	1	15352590	15353829	ae017e
2	6395475	6400061	1	15563399	15569257	ae017e
2	6393952	6394879	1	15569656	15570197	ae017e
2	6218889	6223844	1	15830480	15837728	ae017e
1	24746471	24750053	1	15838125	15840293	ae017e
2	6192066	6195451	1	15838125	15840293	ae017e
1	24746471	24750053	1	15855269	15857339	ae017e
2	6192066	6195451	1	15855269	15857339	ae017e
2	6189813	6191741	1	15858587	15860876	ae017e
2	6182400	6183822	1	15895244	15896969	ae017e
2	6175434	6177888	1	16037069	16039167	ae017e
2	6066009	6072166	1	16294086	16297682	ae017e
2	6064262	6064705	1	16298842	16299500	ae017e
2	6035278	6036694	1	16393209	16395456	ae017e
2	6011846	6018150	1	16511892	16518671	ae017e
2	5971335	5982968	1	16612689	16622217	ae017e
2	5952330	5965300	1	16658756	16674908	ae017e
2	5932166	5934090	1	16827052	16829121	ae017e
2	5919553	5921201	1	16958777	16960683	ae017e
2	5904493	5906282	1	16964742	16966686	ae017e
2	5882522	5898251	1	17039569	17048343	ae017e
2	5890484	5898635	1	17039569	17048343	ae017e
2	5872066	5874536	1	17315398	17317784	ae017e
2	5863492	5870548	1	17319404	17324438	ae017e
2	5745403	5752340	1	17877747	17881744	ae017e
2	5731732	5734717	1	17884094	17887327	ae017e
2	5724729	5730202	1	17889480	17894634	ae017e
2	5716283	5716741	1	17925366	17926168	ae017e
2	5707584	5713206	1	17928734	17934612	ae017e
2	5678296	5680906	1	18115443	18119019	ae017e
2	5215499	5217154	1	18204684	18206454	ae017e
2	5243881	5245536	1	18204684	18206454	ae017e
2	5672004	5673182	1	18204684	18206454	ae017e
2	5276082	5280198	1	18257691	18262113	ae017e
2	5289498	5291210	1	18265559	18268065	ae017e
2	5303475	5304792	1	18321176	18322985	ae017e
2	5312295	5316811	1	18323141	18328010	ae017e
2	5318869	5321649	1	18331980	18334973	ae017e
1	26786975	26789302	1	18390810	18394635	ae017e
2	5334236	5337816	1	18390810	18394635	ae017e
2	5356521	5359787	1	18406804	18412939	ae017e
2	5378136	5382745	1	18472323	18477464	ae017e
2	5383014	5387124	1	18476998	18480983	ae017e
2	5406387	5407912	1	18529170	18531200	ae017e
2	5422693	5432444	1	18558382	18567455	ae017e
2	5442221	5444155	1	18637720	18638720	ae017e
1	27008065	27010540	1	18677020	18681473	ae017e
2	5457594	5460695	1	18677020	18681473	ae017e
2	5490096	5490746	1	18869888	18870381	ae017e
2	5563927	5565214	1	19119389	19121255	ae017e
2	5608336	5609980	1	19226352	19228756	ae017e
2	5625964	5628399	1	19331100	19335080	ae017e
2	5632460	5636859	1	19339860	19345433	ae017e
1	93039900	93041092	1	19365438	19366688	ae017e
2	5150115	5154113	1	19500622	19504976	ae017e
2	5117656	5123208	1	19580290	19586762	ae017e
1	28236320	28236882	1	19944367	19945472	ae017e
2	5106387	5107307	1	19944367	19945472	ae017e
2	5093114	5093566	1	20072437	20072998	ae017e
2	5063531	5064397	1	20106488	20107235	ae017e
2	5083376	5084359	1	20106488	20107235	ae017e
2	5063531	5064397	1	20208442	20209636	ae017e
2	5083376	5084359	1	20208442	20209636	ae017e
2	5040689	5041930	1	20345919	20348023	ae017e
2	5006293	5009268	1	20371621	20375256	ae017e
2	4986854	4990101	1	20590554	20593469	ae017e
2	4971550	4975217	1	20655074	20660134	ae017e
2	4968419	4971355	1	20660117	20662592	ae017e
2	4955235	4960168	1	20758108	20764439	ae017e
2	4947721	4954745	1	20765400	20771561	ae017e
2	4940974	4944242	1	20775479	20779097	ae017e
2	4926506	4928447	1	20868952	20871632	ae017e
2	4883749	4889518	1	21077446	21082308	ae017e
2	4873301	4875582	1	21249877	21252726	ae017e
2	4818935	4822202	1	21457100	21460027	ae017e
2	4815064	4818822	1	21459820	21465307	ae017e
2	4782071	4783469	1	21487502	21489152	ae017e
2	4767882	4769737	1	21890099	21891861	ae017e
2	4759754	4761713	1	21954768	21957720	ae017e
2	4743193	4747050	1	22118315	22121015	ae017e
1	29706498	29708075	1	22337752	22339511	ae017e
2	4662080	4668821	1	22722915	22729956	ae017e
2	4635654	4639829	1	22748638	22753086	ae017e
1	29874532	29875794	1	22757377	22758294	ae017e
2	4630273	4630782	1	22757377	22758294	ae017e
2	4621785	4626809	1	22872189	22878452	ae017e
2	4615425	4620867	1	22878250	22883724	ae017e
2	4605929	4609128	1	22905436	22908638	ae017e
2	4585879	4592375	1	23193813	23198177	ae017e
1	30155108	30155468	1	23440410	23440714	ae017e
2	4578067	4578549	1	23440410	23440714	ae017e
2	4567961	4569022	1	23451665	23453148	ae017e
2	4545794	4553024	1	23621436	23628522	ae017e
2	4541539	4543601	1	23629432	23632465	ae017e
2	4526617	4538031	1	23633769	23645894	ae017e
2	4517510	4524917	1	23647701	23653639	ae017e
2	4503807	4508810	1	23837684	23842209	ae017e
2	4497177	4498213	1	23847861	23849044	ae017e
2	4493281	4495457	1	23849185	23853173	ae017e
2	4447467	4458854	1	24083085	24095029	ae017e
2	4442701	4443582	1	24097539	24098935	ae017e
2	4413426	4416067	1	24321627	24326422	ae017e
2	4409457	4411996	1	24377344	24380403	ae017e
2	4407759	4408232	1	24381099	24381806	ae017e
2	4397801	4400463	1	24382589	24385097	ae017e
2	4372768	4376876	1	24834595	24841130	ae017e
2	4369046	4371041	1	24844061	24845895	ae017e
2	4345906	4351566	1	25005054	25009977	ae017e
2	4316362	4322631	1	26117393	26126249	ae017e
2	4199310	4206846	1	26795822	26803277	ae017e
2	4140215	4143791	1	27675217	27679100	ae017e
2	4094576	4100616	1	29489653	29495991	ae017e
2	4085033	4091083	1	29532362	29536085	ae017e
2	4081819	4084684	1	29538326	29541370	ae017e
2	4062283	4073521	1	29817636	29833890	ae017e
2	4042013	4046415	1	30292715	30295367	ae017e
2	4035088	4036125	1	30675253	30676893	ae017e
2	4018470	4023446	1	30732115	30737234	ae017e
2	4000368	4011208	1	30738313	30745174	ae017e
2	3992621	3993916	1	30792875	30794604	ae017e
2	3960942	3963411	1	31267586	31270314	ae017e
2	3925563	3932034	1	31382023	31386443	ae017e
2	3871584	3873605	1	31803758	31807553	ae017e
2	3858839	3859936	1	31862477	31864019	ae017e
2	3820232	3822023	1	32826951	32827906	ae017e
2	3820232	3822023	1	33242999	33244151	ae017e
2	3812079	3816369	1	34199435	34203155	ae017e
2	3796476	3799550	1	34209442	34213962	ae017e
2	3773287	3779314	1	34222568	34228353	ae017e
2	3763993	3766673	1	34615562	34617729	ae017e
2	3757760	3762084	1	34623672	34628844	ae017e
2	3749484	3750389	1	34881339	34882663	ae017e
2	3711367	3713979	1	35639617	35642998	ae017e
2	3621573	3627104	1	36564479	36567864	ae017e
2	3618025	3620230	1	36580066	36582725	ae017e
2	3598553	3601374	1	36585871	36587573	ae017e
2	3589613	3594647	1	36715478	36720553	ae017e
2	3582305	3585013	1	36776284	36780694	0570b0
2	3576487	3579556	1	36857161	36860120	0570b0
2	3515128	3522351	1	37040248	37046610	0570b0
2	3529086	3538680	1	37211896	37217725	0570b0
2	3508421	3512026	1	37432585	37438410	0570b0
1	34844549	34846273	1	37452411	37455400	0570b0
2	3469804	3475585	1	37678876	37686358	0570b0
2	3462142	3464409	1	38073113	38075202	0570b0
2	3435944	3438274	1	38350466	38353187	0570b0
2	3413524	3419671	1	38582009	38587894	0570b0
1	35163604	35165868	1	38588719	38591034	0570b0
2	3409021	3411674	1	38588719	38591034	0570b0
2	3405597	3408444	1	38591081	38595079	0570b0
2	3401548	3402159	1	38611351	38612141	0570b0
2	3392956	3394074	1	38905597	38907629	0570b0
2	3382828	3384800	1	38929275	38932505	0570b0
2	3348646	3353303	1	39129198	39134188	0570b0
2	3345390	3347559	1	39134521	39136363	0570b0
2	3333715	3334620	1	39484224	39485557	0570b0
2	3327418	3329136	1	39944594	39946949	0570b0
2	3310724	3315667	1	40097629	40102665	0570b0
2	3292202	3293933	1	40754384	40756562	0570b0
1	37519705	37521798	1	40771304	40773302	0570b0
2	3288101	3289767	1	40771304	40773302	0570b0
2	3272364	3287425	1	40773678	40784948	0570b0
1	65525892	65529994	1	41541317	41547181	0570b0
2	6313398	6316879	1	41541317	41547181	0570b0
2	6321454	6324934	1	41541317	41547181	0570b0
2	6329510	6332990	1	41541317	41547181	0570b0
2	6337565	6341046	1	41541317	41547181	0570b0
2	3250542	3256501	1	41847788	41855740	0570b0
2	3237649	3243830	1	42956658	42962133	0570b0
2	3228257	3232064	1	43037848	43040846	0570b0
2	3223648	3225751	1	43047098	43049415	0570b0
2	3218095	3221779	1	43085051	43088958	0570b0
2	3208262	3209536	1	43167304	43169041	0570b0
2	3193082	3197036	1	44038907	44043215	0570b0
2	3180933	3181532	1	44174066	44174856	0570b0
2	3171669	3176348	1	44269221	44274791	0570b0
2	3137869	3143472	1	45133532	45138061	0570b0
2	3037069	3039737	1	46887767	46890605	0570b0
2	3025742	3031226	1	46949093	46959404	0570b0
2	3019662	3022540	1	47078854	47081564	0570b0
2	3007184	3010267	1	47152016	47154841	0570b0
1	39549215	39563016	1	47442303	47455353	0570b0
2	2993605	3005623	1	47442303	47455353	0570b0
2	2964941	2965837	1	48334933	48336230	0570b0
2	2958286	2961858	1	48369742	48372370	0570b0
2	2925829	2937082	1	48498370	48511964	0570b0
2	2912226	2914818	1	48636170	48638870	0570b0
2	2898040	2903246	1	48831905	48837680	0570b0
2	5736947	5739842	1	49935731	49938952	0570b0
2	2868918	2874289	1	50568989	50572382	0570b0
2	2868918	2874289	1	50661401	50664775	0570b0
2	49730679	49737368	1	50720394	50724491	0570b0
2	2868918	2874289	1	50755578	50760916	0570b0
2	2880745	2882304	1	51002263	51004189	0570b0
2	2809397	2812993	1	52511462	52515666	0570b0
2	2782939	2786845	1	53441251	53447428	0570b0
2	2777953	2781809	1	53452629	53456743	0570b0
2	2745459	2750726	1	54680789	54689597	0570b0
1	34347869	34348535	1	56785856	56786546	0570b0
2	73546505	73546843	1	56790076	56790499	0570b0
2	2611762	2618415	1	56831271	56837107	0570b0
2	2676235	2680283	1	59435911	59442893	0570b0
2	2686817	2691980	1	59458955	59461834	0570b0
2	2693961	2700269	1	59483584	59489012	0570b0
2	2710113	2715657	1	59867856	59873066	0570b0
2	2591708	2592322	1	60252341	60253396	0570b0
2	2574192	2576862	1	60794784	60797332	0570b0
2	2544027	2572626	1	60797852	60826906	0570b0
2	16629922	16631083	1	61134769	61135729	0570b0
2	16349754	16354681	1	62893642	62899107	0570b0
2	16355285	16360409	1	62902197	62905185	0570b0
2	16375459	16376148	1	63170074	63171104	0570b0
2	16376810	16381385	1	63220040	63224290	0570b0
2	16282796	16309518	1	64816491	64842442	0570b0
2	16324797	16333938	1	65086827	65091745	0570b0
2	16334317	16336012	1	65102270	65103683	0570b0
2	16250429	16256455	1	65349360	65352430	0570b0
2	16239953	16245098	1	65445728	65451400	0570b0
2	16204010	16207501	1	65600012	65604212	0570b0
2	16195779	16198841	1	65605937	65610018	0570b0
2	16179822	16186558	1	65784348	65791179	0570b0
2	16172051	16178685	1	65796090	65806171	0570b0
2	16151420	16155319	1	66221772	66227123	0570b0
2	16003997	16013810	1	66518584	66531295	0570b0
2	15912363	15916288	1	66942598	66947128	0570b0
2	15889388	15898772	1	66948998	66955639	0570b0
2	15717963	15721581	1	68067901	68070557	0570b0
2	15778885	15790485	1	68702195	68715961	0570b0
2	15832695	15839114	1	68963057	68972509	0570b0
2	15843274	15849173	1	68972743	68980069	0570b0
2	57586088	57588798	1	68981400	68984447	0570b0
2	15638059	15643220	1	69278382	69283796	0570b0
2	15624377	15625417	1	69424451	69426142	0570b0
2	15609305	15613015	1	69601953	69605434	0570b0
2	15598737	15606114	1	69605689	69614731	0570b0
2	15559165	15564731	1	69986769	69992603	0570b0
2	15552722	15555701	1	70007371	70010413	0570b0
2	15550052	15551197	1	70011029	70012673	0570b0
2	15440438	15452027	1	70096742	70110079	0570b0
2	15483516	15484830	1	70971167	70972829	0570b0
2	15485567	15490538	1	70973216	70978888	0570b0
2	15519089	15519520	1	71007408	71008048	0570b0
2	15530146	15532011	1	71010993	71013090	0570b0
2	15370268	15379178	1	71757451	71774050	0570b0
2	15310571	15322248	1	72134901	72148668	0570b0
2	15293969	15307251	1	72404181	72413342	0570b0
2	15143692	15146418	1	74800172	74803354	0570b0
2	78103876	78106177	1	74800172	74803354	0570b0
1	48084144	48087216	1	76743198	76749302	0570b0
2	1744756	1754011	1	76743198	76749302	0570b0
2	1766810	1769453	1	77971440	77975660	0570b0
2	1843775	1847242	1	79502377	79506709	0570b0
2	1832479	1834931	1	80566118	80568152	0570b0
2	1815485	1818022	1	81147628	81149898	0570b0
2	2356102	2372591	1	82195883	82216071	0570b0
2	2412128	2417301	1	83305591	83310750	0570b0
1	53707898	53718866	1	83538236	83548118	0570b0
2	17679209	17684147	1	84465741	84470290	0570b0
2	17706461	17713442	1	84704139	84708007	0570b0
2	81884621	81888658	1	84704139	84708007	0570b0
2	17775631	17778368	1	85016843	85020197	0570b0
2	17838795	17839502	1	85445273	85446379	0570b0
2	17876096	17878555	1	85619393	85622481	0570b0
1	54739021	54740531	1	86976867	86979487	0570b0
2	69854546	69859921	1	90374918	90378211	0570b0
2	17039772	17040521	1	90470174	90470883	0570b0
1	52888790	52894086	1	91511928	91518137	0570b0
2	2470214	2471640	1	92521628	92523447	0570b0
2	2463692	2469441	1	92525214	92530757	0570b0
2	2458864	2462558	1	93765402	93769164	0570b0
2	2271137	2274814	1	94398603	94401690	0570b0
2	2277449	2282433	1	94455827	94462574	0570b0
2	2257688	2259141	1	95014117	95015853	0570b0
2	2242746	2250576	1	95073118	95082957	0570b0
2	2284089	2288205	1	96498368	96502841	0570b0
2	2289483	2296359	1	98160312	98168967	0570b0
2	2317369	2321324	1	98206110	98210970	0570b0
1	80517471	80518121	1	98639447	98640490	0570b0
2	2332879	2346287	1	99477101	99501970	0570b0
2	1898145	1899147	1	101832001	101833281	0570b0
2	1887919	1896926	1	101834792	101850795	0570b0
2	1881529	1886163	1	102093397	102099889	0570b0
2	1871318	1874498	1	102649700	102653220	0570b0
2	1867295	1868186	1	102658327	102659131	0570b0
2	1923339	1924873	1	103637894	103639492	0570b0
2	1909038	1915813	1	104581528	104589118	0570b0
2	1906477	1908467	1	104662097	104663782	0570b0
2	1926472	1929951	1	105332498	105337033	0570b0
2	1946738	1952535	1	105815309	105821596	0570b0
2	1965161	1968138	1	106070245	106072959	0570b0
2	1975882	1982065	1	106642397	106648885	0570b0
2	1992108	2006344	1	107367434	107385286	0570b0
2	2008068	2010256	1	107679307	107682022	0570b0
2	2012109	2018192	1	107792441	107798877	0570b0
2	2026343	2030934	1	108005216	108008818	0570b0
2	2031424	2041161	1	108009081	108018837	0570b0
2	2043742	2045619	1	108706563	108709220	0570b0
2	2047356	2049076	1	109004058	109005743	0570b0
1	50880686	50883510	1	111376070	111378401	0570b0
2	2087239	2090805	1	111376070	111378401	0570b0
2	2091516	2093612	1	111589477	111592043	0570b0
2	2105830	2107857	1	112243737	112246300	0570b0
2	2142256	2149518	1	113363597	113369164	0570b0
2	2164861	2171144	1	114048883	114056080	0570b0
2	2175412	2179724	1	114315658	114320413	0570b0
2	2191990	2192700	1	114880512	114881753	0570b0
2	2435151	2442286	1	115821620	115827362	0570b0
2	2417380	2423638	1	116596780	116601757	0570b0
1	53697908	53701193	1	116911502	116915354	0570b0
2	17517814	17519766	1	118709119	118711341	0570b0
2	17521544	17523669	1	118711556	118714375	0570b0
2	17614154	17619545	1	119330034	119332909	0570b0
2	17315322	17321372	1	120070702	120078728	0570b0
2	17310299	17313921	1	120084641	120088936	0570b0
2	17179049	17180077	1	121341745	121343246	0570b0
2	17221064	17231306	1	122002937	122016880	0570b0
2	17256925	17261128	1	122804945	122811339	0570b0
2	17270732	17272256	1	123315748	123318217	0570b0
2	17297143	17305867	1	124353676	124370962	0570b0
2	17093320	17101305	1	126589304	126598230	0570b0
2	16735006	16754560	1	126618587	126637655	0570b0
2	16799065	16805139	1	128080333	128086463	0570b0
2	16807860	16812938	1	128139865	128144937	0570b0
2	16816647	16818999	1	128685495	128687085	0570b0
2	16874923	16877949	1	128918970	128923058	0570b0
2	16913298	16914958	1	130132682	130135447	0570b0
2	16947954	16955892	1	130454369	130467796	0570b0
1	49157166	49159838	1	131379921	131382991	0570b0
1	55152443	55153703	1	133120890	133122481	0570b0
2	17422669	17425661	1	133120890	133122481	0570b0
2	17422669	17425661	1	133122483	133125447	0570b0
2	17414115	17421688	1	133126659	133134024	0570b0
2	17349411	17354578	1	133792410	133798761	0570b0
2	17695457	17700573	1	134291038	134294094	0570b0
2	17008226	17011175	1	134349892	134353303	0570b0
2	16976272	16981631	1	135082711	135088173	0570b0
2	16962891	16964938	1	135098418	135102275	0570b0
2	16679711	16685719	1	136396152	136405198	0570b0
2	16674943	16679170	1	136405339	136410623	0570b0
2	16651236	16655504	1	136920095	136925053	0570b0
2	2531632	2538523	1	137338698	137348288	0570b0
2	2520295	2523056	1	137496806	137499516	0570b0
2	2509182	2519036	1	137499812	137508461	0570b0
1	54223431	54232913	1	138986683	138996281	0570b0
1	54297490	54307975	1	142746103	142759639	0570b0
1	54057626	54062649	1	144107208	144114157	0570b0
1	54371089	54377701	1	146817559	146822130	0570b0
2	2474696	2480777	1	148250356	148258350	0570b0
2	2492161	2497475	1	148295672	148301317	0570b0
1	53042736	53044319	1	152118320	152120972	0570b0
1	53527747	53535526	1	153025064	153033686	0570b0
1	53537568	53539167	1	153034057	153035728	0570b0
2	20499651	20503810	1	153568086	153574201	0570b0
1	54026016	54027413	1	154378413	154379858	0570b0
2	20314081	20314620	1	154946536	154947299	0570b0
2	20378660	20388766	1	156650480	156662118	0570b0
1	59946852	59952757	1	160514791	160518865	0570b0
2	20867166	20874077	1	160767505	160775670	0570b0
2	20929318	20935161	1	169248250	169255402	0570b0
2	18377949	18382338	1	170076447	170081268	0570b0
2	18360021	18365658	1	170973190	170980362	0570b0
2	20785288	20787105	1	173181298	173184401	0570b0
1	53013371	53022658	1	174568577	174577436	0570b0
1	52964220	52968995	1	174577396	174582256	0570b0
1	62657606	62661386	1	174577396	174582256	0570b0
2	18415264	18434117	1	176123313	176149057	0570b0
1	59026509	59027127	1	178556696	178557563	0570b0
2	18464547	18467827	1	179067853	179071692	0570b0
2	18468232	18469868	1	179084296	179086942	0570b0
2	20813869	20816787	1	179375024	179377213	0570b0
2	20955439	20959629	1	179377893	179381890	0570b0
1	55889830	55890471	1	180616039	180616635	0570b0
2	18020361	18022790	1	181702947	181705424	0570b0
1	54610555	54622377	1	185941089	185961153	0570b0
2	44375112	44384393	1	187671100	187680844	0570b0
2	44983202	45002720	1	189129846	189151761	0570b0
2	45415815	45422449	1	190076533	190082907	0570b0
2	45458593	45462390	1	190084493	190091235	0570b0
2	17924262	17925717	1	194558961	194561048	0570b0
2	17890761	17895646	1	194844063	194849854	0570b0
2	47781709	47813201	1	195633458	195669999	0570b0
2	48613688	48617721	1	196574472	196578890	0570b0
2	49176653	49179001	1	197241309	197244165	0570b0
2	50343983	50347757	1	198013799	198020071	0570b0
1	48425141	48428020	1	207441954	207446266	0570b0
1	47547624	47548169	1	208432950	208433604	0570b0
1	47188230	47190143	1	208735461	208737901	0570b0
1	48779479	48784845	1	209730780	209733957	0570b0
1	48814096	48816480	1	212654397	212656479	0570b0
2	20524994	20527728	1	213400406	213404472	0570b0
2	44356969	44361217	1	215361775	215365214	0570b0
2	44677559	44681109	1	216120322	216124299	0570b0
2	44215493	44217943	1	216598148	216601105	0570b0
2	44285577	44320689	1	216843290	216866946	0570b0
2	44080392	44101250	1	217544649	217558733	0570b0
2	45646652	45674791	1	221642678	221672107	0570b0
2	45533111	45544942	1	221905774	221917767	0570b0
2	46409033	46418633	1	223190579	223200629	0570b0
2	46797359	46804265	1	223422717	223427731	0570b0
1	48351923	48353457	1	225206647	225209006	0570b0
2	36767900	36777933	1	225479068	225486142	0570b0
2	36873266	36878629	1	226163360	226171676	0570b0
2	21107562	21108307	1	227949622	227950080	0570b0
1	52749115	52756704	1	230838098	230844063	0570b0
1	47847776	47849249	1	231613156	231615238	0570b0
1	47691077	47692033	1	233157234	233158636	0570b0
1	42236585	42238720	1	233852121	233854644	0570b0
1	42265917	42272686	1	234232978	234239250	0570b0
2	20598796	20600294	1	235813041	235814509	0570b0
2	20606996	20614667	1	236370634	236377201	0570b0
2	40613657	40624925	1	237470392	237483972	0570b0
2	40658198	40659220	1	237747213	237748477	0570b0
2	40750862	40763641	1	237790804	237801983	0570b0
2	37198809	37202647	1	239066425	239071979	0570b0
2	37193363	37195766	1	239077254	239080472	0570b0
2	37170500	37178505	1	239141547	239150118	0570b0
2	37271333	37284038	1	239478739	239486492	0570b0
2	37340083	37340457	1	239781990	239782601	0570b0
2	37741964	37744196	1	239919192	239922192	0570b0
2	37745127	37747990	1	239968288	239971117	0570b0
2	38080734	38089606	1	240734154	240744424	0570b0
2	38129882	38131591	1	241086548	241089734	0570b0
2	38167697	38173043	1	241462998	241468807	0570b0
2	38455891	38463862	1	241611869	241618024	0570b0
2	38300426	38303077	1	241617535	241619943	0570b0
2	38463859	38466508	1	241617535	241619943	0570b0
1	99474305	99480350	1	241707562	241712097	0570b0
2	36804342	36821034	1	242390310	242406118	0570b0
1	48731711	48751806	1	243747948	243758448	0570b0
2	42367999	42374251	1	244110837	244118538	0570b0
2	42573030	42583128	1	244384597	244393877	0570b0
2	40380305	40381411	1	245670780	245672286	0570b0
2	40193000	40202328	1	245943532	245955235	0570b0
2	40977929	40987143	1	247109545	247119068	0570b0
2	40865653	40874059	1	247696342	247712817	0570b0
2	38518808	38521565	1	249328099	249330546	0570b0
2	38514555	38518465	1	249330341	249334363	0570b0
2	38654470	38657024	1	249364116	249367178	0570b0
2	38719142	38721034	1	249938006	249940119	0570b0
2	39439891	39447509	1	251751150	251762547	0570b0
2	39527932	39537390	1	251889269	251894297	0570b0
2	39550085	39553681	1	252060208	252062700	0570b0
2	39527932	39537390	1	253060783	253066437	0570b0
2	39550085	39553681	1	253066559	253069789	0570b0
2	39711133	39716478	1	253066559	253069789	0570b0
2	39716153	39717819	1	253071029	253073157	0570b0
2	39803130	39819437	1	253624393	253633492	0570b0
2	39885667	39887955	1	254205154	254207313	0570b0
2	39888204	39900027	1	254207529	254221077	0570b0
2	39987160	39989042	1	255294756	255296928	0570b0
2	40180140	40190877	1	255546131	255553432	0570b0
2	41227435	41232498	1	256645397	256650614	0570b0
2	41399440	41426451	1	257016404	257036313	0570b0
2	42210213	42212930	1	258065218	258068889	0570b0
2	42188937	42196022	1	258392739	258399642	0570b0
2	41938574	41941638	1	259068718	259073500	0570b0
2	41735359	41740586	1	259878023	259881968	0570b0
2	41532869	41537981	1	259891967	259899635	0570b0
2	41474949	41480241	1	260239224	260244390	0570b0
2	41446732	41453447	1	260910687	260914192	0570b0
2	44558039	44569984	1	261563266	261574840	0570b0
2	44794385	44812338	1	261578061	261598305	0570b0
2	44440402	44454535	1	262148924	262174207	0570b0
2	34570131	34579576	1	263166323	263175810	0570b0
2	34368031	34374851	1	263245007	263251158	0570b0
2	34166524	34170507	1	263383913	263388801	0570b0
2	34154871	34165637	1	263551961	263566351	0570b0
2	34107048	34110323	1	263580759	263584854	0570b0
2	34039022	34040525	1	264070978	264073465	0570b0
2	33975330	33979848	1	264260180	264263642	0570b0
2	33836210	33847847	1	264694658	264706894	0570b0
2	33779624	33790568	1	265311684	265321426	0570b0
2	33715717	33720110	1	265496738	265499832	0570b0
2	33569898	33579251	1	265870600	265881631	0570b0
2	33432917	33435536	1	266638402	266640922	0570b0
2	33413130	33413774	1	266964140	266964889	0570b0
2	33367609	33369877	1	267284614	267286961	0570b0
2	33293464	33294396	1	268072677	268073905	0570b0
2	33189220	33190152	1	268626983	268628217	0570b0
1	93851979	93859800	1	269200540	269204937	0570b0
1	93851979	93859800	1	270321804	270326919	0570b0
1	93938219	93943367	1	271321733	271329765	0570b0
1	93944702	93954713	1	271854406	271863905	0570b0
1	93964655	93996966	1	272060847	272085380	0570b0
1	94010066	94014091	1	272476416	272480345	0570b0
1	94015507	94026053	1	272480905	272491662	0570b0
1	94041504	94043454	1	272497825	272500200	0570b0
1	94050298	94058477	1	272503927	272511166	0570b0
1	94065176	94085046	1	272770761	272798398	0570b0
1	94116691	94117250	1	272915228	272915647	0570b0
1	94119893	94122463	1	272979712	272982034	0570b0
1	94818661	94822666	1	273072250	273075664	0570b0
1	94722095	94734462	1	274197297	274209265	0570b0
1	94713894	94717758	1	274242917	274246998	0570b0
1	94711606	94712639	1	274248016	274249446	0570b0
1	94703525	94710056	1	274273867	274279647	0570b0
1	94698255	94703382	1	274279666	274285104	0570b0
1	94659293	94663077	1	274763286	274769928	0570b0
1	94644405	94646360	1	274785604	274787811	0570b0
1	94627783	94632367	1	274947123	274952562	0570b0
1	94622740	94627650	1	274953092	274959363	0570b0
1	94608805	94612759	1	275181602	275185488	0570b0
1	94601626	94604491	1	275446982	275449702	0570b0
1	94491219	94491503	1	276406103	276406509	0570b0
1	94497561	94497842	1	276406103	276406509	0570b0
1	94546473	94549441	1	276686938	276690105	0570b0
1	94577558	94580267	1	276934606	276935978	0570b0
1	94409881	94425141	1	277549816	277570695	0570b0
1	94397923	94407330	1	278306681	278320287	0570b0
1	94331057	94337670	1	279688799	279695667	0570b0
1	94220751	94221810	1	280460067	280461005	0570b0
1	94228057	94228515	1	280470431	280471252	0570b0
1	94241630	94253791	1	280656181	280668559	0570b0
1	94210980	94215855	1	280818757	280824030	0570b0
1	94205595	94209786	1	280837464	280841365	0570b0
1	37154544	37155476	1	281467960	281469815	0570b0
1	60014069	60016794	1	281467960	281469815	0570b0
1	94193970	94197401	1	281602606	281606950	0570b0
1	94183849	94190004	1	281928757	281936471	0570b0
1	94177786	94180408	1	281936655	281939368	0570b0
1	94159269	94166106	1	281980851	281987642	0570b0
1	94797705	94813725	1	282129418	282140491	0570b0
1	94827088	94828937	1	282478936	282482603	0570b0
1	94846508	94853208	1	282905889	282911208	0570b0
1	94859921	94861321	1	283338477	283340233	0570b0
1	94866664	94876251	1	283410506	283420911	0570b0
1	94957141	94957713	1	283878821	283879671	0570b0
1	94938495	94938995	1	284277799	284278547	0570b0
1	94904524	94905123	1	285054707	285055631	0570b0
1	95004776	95016562	1	286113316	286123594	0570b0
1	95018046	95021774	1	286127839	286131978	0570b0
1	95063443	95071177	1	286514749	286522022	0570b0
1	95097863	95099593	1	286909582	286911813	0570b0
1	95101445	95105025	1	286915527	286918845	0570b0
1	95107272	95116964	1	287264594	287274937	0570b0
2	64915475	64927498	1	287624478	287633559	0570b0
2	64933370	64942885	1	287643803	287653296	0570b0
1	61378097	61382723	1	287656165	287661523	0570b0
2	64994497	64999598	1	287839504	287846039	0570b0
2	65000089	65003021	1	287848674	287850892	0570b0
1	61408437	61413595	1	288497076	288503112	0570b0
2	65078664	65085689	1	289273198	289281621	0570b0
2	65411149	65413738	1	289522009	289526066	0570b0
2	65450434	65456469	1	289697736	289704646	0570b0
2	65695578	65697987	1	289932849	289935983	0570b0
2	65737894	65742028	1	290083640	290087857	0570b0
2	65805703	65809788	1	290089131	290096038	0570b0
2	66181944	66189961	1	290403577	290418418	0570b0
2	66181944	66189961	1	290671462	290681685	0570b0
2	66190860	66195996	1	290684548	290691696	0570b0
2	66211474	66216989	1	290771552	290777062	0570b0
2	66418107	66424148	1	291376311	291386429	0570b0
2	66482793	66490020	1	291403900	291412487	0570b0
2	66490944	66498308	1	291413604	291419723	0570b0
2	66651525	66652901	1	291587438	291589859	0570b0
2	66674107	66680241	1	292520387	292527090	0570b0
2	66685661	66688300	1	292527975	292531445	0570b0
2	66691227	66696645	1	292538622	292544128	0570b0
2	66723096	66724706	1	292675323	292676872	0570b0
2	66747905	66749272	1	292677994	292679632	0570b0
2	66752245	66754077	1	292686535	292688323	0570b0
2	66754388	66760964	1	292688329	292694058	0570b0
2	66804244	66811211	1	292866544	292874033	0570b0
2	66900632	66905235	1	292951387	292957536	0570b0
2	67041668	67054886	1	293143825	293153256	0570b0
2	67342355	67347843	1	294305539	294314130	0570b0
2	67374767	67378847	1	294824466	294829550	0570b0
2	2483399	2491059	1	296267044	296276523	0570b0
2	67519698	67526455	1	296316703	296320233	0570b0
2	68472022	68473881	1	297233582	297235964	0570b0
2	68476586	68477828	1	297257618	297259014	0570b0
2	68483591	68486692	1	297260535	297263900	0570b0
2	68504509	68507348	1	297626348	297628539	0570b0
2	68517517	68520459	1	298071255	298075375	0570b0
2	68525154	68531183	1	298087806	298095765	0570b0
2	68532644	68534107	1	298113085	298114815	0570b0
2	81984058	81985434	1	298113085	298114815	0570b0
2	68534589	68537364	1	298115220	298118427	0570b0
2	68778764	68782894	1	298582459	298587442	0570b0
2	68797140	68800446	1	298780374	298784361	0570b0
2	68850877	68857779	1	298949432	298955081	0570b0
2	68921887	68927986	1	299077409	299083419	0570b0
2	68968007	68969998	1	299435049	299438616	0570b0
2	68997872	69005667	1	299441550	299449398	0570b0
2	69054470	69058753	1	299917495	299922735	0570b0
2	69066605	69079947	1	300101781	300109674	0570b0
2	69125074	69125926	1	300416425	300417203	0570b0
2	69126551	69128992	1	300417273	300419912	0570b0
2	69182028	69183392	1	300640338	300642111	0570b0
2	69194950	69200186	1	300879621	300885850	0570b0
2	69204668	69208212	1	300896513	300900892	0570b0
2	69435616	69438373	1	301183302	301186509	0570b0
2	69539771	69543872	1	301513816	301520494	0570b0
2	69610143	69620060	1	301746861	301760364	0570b0
2	69635224	69641068	1	301786835	301793526	0570b0
2	69749811	69755465	1	302073616	302079279	0570b0
2	69839709	69840280	1	302098872	302099548	0570b0
2	69840870	69842159	1	302099707	302101182	0570b0
2	69854546	69859921	1	302102370	302111566	0570b0
2	69865567	69866181	1	302125951	302126832	0570b0
2	69887661	69911948	1	302318759	302336173	0570b0
2	69959100	69960272	1	302344110	302345318	0570b0
2	69960586	69966011	1	302345152	302352788	0570b0
2	69992136	69999222	1	302405224	302412626	0570b0
2	69999410	70000810	1	302412866	302414773	0570b0
2	70163942	70166100	1	302904118	302907441	0570b0
2	70193405	70196509	1	302972897	302976839	0570b0
2	70510099	70516871	1	303816587	303821323	0570b0
2	70705365	70714997	1	304175377	304181460	0570b0
2	70770158	70770847	1	304564120	304565193	0570b0
2	70899654	70904346	1	304672348	304676536	0570b0
2	70963691	70964041	1	304991020	304991578	0570b0
2	71121048	71125781	1	305562118	305567355	0570b0
2	71141442	71157309	1	305588666	305597828	0570b0
2	71370329	71386308	1	305942392	305956912	0570b0
2	71473864	71490853	1	306418302	306430395	0570b0
2	71500892	71503779	1	306544001	306548446	0570b0
1	96789860	96797650	1	306759907	306766227	0570b0
2	83197934	83206547	1	306759907	306766227	0570b0
2	71630172	71640007	1	306766667	306772028	0570b0
2	72121697	72125560	1	307267441	307271775	0570b0
2	72127492	72129375	1	307363638	307366845	0570b0
2	72170975	72176320	1	307363638	307366845	0570b0
2	72202482	72204693	1	307383424	307385475	0570b0
2	72217216	72220643	1	307457065	307459504	0570b0
2	72239261	72239902	1	307460261	307461433	0570b0
2	72281489	72287390	1	307474239	307480683	0570b0
2	72317462	72319600	1	307868118	307870857	0570b0
2	72859490	72863860	1	308101377	308105246	0570b0
2	72761363	72765185	1	308296422	308300430	0570b0
2	72677669	72683255	1	308912377	308919639	0570b0
2	72706108	72709667	1	309054577	309060227	0570b0
2	72523852	72531761	1	309320796	309328380	0570b0
2	72474760	72481343	1	309583016	309589653	0570b0
2	72986997	72989665	1	310718547	310721742	0570b0
2	72953191	72959283	1	310734793	310742019	0570b0
2	73186105	73187709	1	311157000	311159315	0570b0
2	73497150	73497800	1	311995130	311996111	0570b0
2	73499057	73500079	1	311997105	311998160	0570b0
2	73511032	73511859	1	312148981	312150007	0570b0
2	73513491	73514684	1	312148981	312150007	0570b0
2	73511032	73511859	1	312237406	312238272	0570b0
2	73513491	73514684	1	312237406	312238272	0570b0
2	73538255	73539592	1	312238424	312239868	0570b0
2	73556306	73561205	1	312290908	312295136	0570b0
2	73620233	73624606	1	312525406	312529635	0570b0
2	73684188	73688624	1	312552300	312557347	0570b0
2	73692764	73696130	1	312558319	312561456	0570b0
2	73721753	73727495	1	312570020	312576400	0570b0
2	73883446	73887568	1	312879469	312883460	0570b0
2	74039409	74048665	1	312963701	312969798	0570b0
2	74169041	74177119	1	312963701	312969798	0570b0
2	74192826	74196762	1	313135733	313141270	0570b0
2	87992857	88000240	1	313240539	313247874	0570b0
2	87984435	87988521	1	313253240	313257358	0570b0
2	87976446	87982185	1	313383782	313389323	0570b0
2	87968543	87971410	1	313429682	313432695	0570b0
2	87951299	87954883	1	313436220	313440522	0570b0
2	87945012	87949789	1	313461723	313466656	0570b0
2	87938463	87939901	1	313483113	313484850	0570b0
2	87917609	87920865	1	313530163	313535029	0570b0
2	87909399	87913182	1	313546645	313553714	0570b0
2	87907515	87909009	1	313553909	313554771	0570b0
2	87900394	87903721	1	313901787	313904781	0570b0
2	87888580	87899502	1	313905323	313912713	0570b0
2	87874161	87879961	1	314106959	314111134	0570b0
2	88065209	88069156	1	314303161	314307957	0570b0
2	88059053	88061803	1	314334392	314336393	0570b0
2	88045727	88053220	1	314338651	314350706	0570b0
2	88053805	88054405	1	314340481	314341479	0570b0
2	88033367	88035901	1	314493803	314495640	0570b0
2	88020042	88023506	1	314598087	314601979	0570b0
2	88001674	88010438	1	314722530	314729263	0570b0
2	88421203	88425738	1	315232057	315237855	0570b0
2	88413497	88416859	1	315244622	315248887	0570b0
2	88360942	88370414	1	315260287	315265033	0570b0
2	88347881	88353171	1	315372722	315379063	0570b0
2	88337344	88341364	1	315564071	315568147	0570b0
2	88333470	88334944	1	315571916	315572959	0570b0
2	88333470	88334944	1	315589099	315590419	0570b0
2	88331052	88332442	1	315593397	315594866	0570b0
2	88323280	88329780	1	315855370	315860304	0570b0
2	88309599	88313734	1	315945674	315950185	0570b0
2	88295203	88309229	1	315951457	315964387	0570b0
2	88286448	88287662	1	316059836	316061577	0570b0
2	88274098	88276718	1	316147834	316151029	0570b0
2	88268519	88270122	1	316183057	316186167	0570b0
2	88265303	88269126	1	316185313	316190448	0570b0
1	63057903	63058397	1	316361744	316362259	0570b0
2	88245733	88246023	1	316361744	316362259	0570b0
2	88229585	88232076	1	316530499	316532770	0570b0
2	88226777	88229772	1	316532772	316536472	0570b0
2	88217340	88223080	1	316543069	316546923	0570b0
2	88211757	88216672	1	316547382	316552808	0570b0
2	88203062	88206699	1	316758115	316764019	0570b0
2	88194722	88201076	1	316789380	316796475	0570b0
2	88187358	88188806	1	316800237	316801425	0570b0
2	88182819	88184419	1	316808831	316809946	0570b0
2	87826397	87832128	1	316890489	316898355	0570b0
2	87816624	87823441	1	316939876	316946367	0570b0
2	87807229	87815387	1	316947256	316954829	0570b0
2	87796993	87805672	1	316958104	316963794	0570b0
2	87514316	87516250	1	317133653	317137509	0570b0
1	53612273	53612671	1	317227050	317227682	0570b0
2	24461410	24464563	1	317326817	317328978	0570b0
2	87522245	87524008	1	317326817	317328978	0570b0
2	87525262	87528686	1	317343137	317348091	0570b0
2	87529859	87530152	1	317348526	317348996	0570b0
2	87545810	87547471	1	317624484	317626978	0570b0
2	87573042	87575344	1	317672319	317673703	0570b0
2	87586769	87591398	1	317699875	317703982	0570b0
2	87594110	87595826	1	317813254	317815491	0570b0
2	87614290	87617320	1	317873134	317877934	0570b0
2	87631682	87634896	1	317932444	317936133	0570b0
2	86583895	86585472	1	318009828	318012159	0570b0
2	87659223	87660685	1	318013228	318016125	0570b0
2	86583895	86585472	1	318019791	318021837	0570b0
2	87639207	87639743	1	318030591	318031365	0570b0
2	87777075	87777425	1	318034006	318034473	0570b0
2	85648051	85648866	1	318038787	318040359	0570b0
2	85727767	85729242	1	318038787	318040359	0570b0
2	87475716	87476702	1	318038787	318040359	0570b0
2	87659223	87660685	1	318040870	318042766	0570b0
2	87680015	87685487	1	318288060	318294274	0570b0
2	87688031	87697167	1	318320091	318331908	0570b0
1	96789860	96797650	1	318896614	318904246	0570b0
2	83197934	83206547	1	318896614	318904246	0570b0
2	66117946	66149648	1	319095100	319117132	0570b0
2	87432739	87433209	1	319446646	319447434	0570b0
2	87385110	87395849	1	319733832	319749671	0570b0
2	87397071	87411751	1	319733832	319749671	0570b0
2	87385110	87395849	1	319761434	319772035	0570b0
2	87397071	87411751	1	319761434	319772035	0570b0
2	87380042	87383776	1	319776231	319780109	0570b0
2	87371523	87379634	1	319819297	319827457	0570b0
2	87364073	87369383	1	319828415	319833114	0570b0
2	87355473	87359701	1	319836739	319840690	0570b0
2	87343448	87349294	1	319920616	319929535	0570b0
2	87334652	87339813	1	320053352	320057580	0570b0
2	88704556	88709213	1	320062623	320066410	0570b0
2	87312871	87327334	1	320209542	320225150	0570b0
1	86794774	86801132	1	320323492	320332533	fc8d62
2	87292868	87297783	1	320905107	320908530	fc8d62
2	87279577	87283433	1	320914683	320917267	fc8d62
2	87269880	87270719	1	320957616	320958828	fc8d62
2	87266664	87269873	1	320958685	320962612	fc8d62
2	87259740	87262893	1	321091462	321094425	fc8d62
2	87250340	87256628	1	321135941	321141828	fc8d62
2	86843570	86848964	1	321260574	321265610	fc8d62
2	86839202	86840891	1	321283117	321284926	fc8d62
2	86830521	86831708	1	321290724	321292525	fc8d62
2	86803668	86807309	1	321615567	321619774	fc8d62
2	86797195	86800663	1	321622777	321626253	fc8d62
2	86783648	86784982	1	321636481	321638126	fc8d62
2	86772185	86782926	1	321638068	321649022	fc8d62
2	86764854	86770827	1	321664100	321669251	fc8d62
2	86758904	86759515	1	321776606	321777787	fc8d62
2	86736213	86745494	1	321877549	321882930	fc8d62
2	86729523	86734271	1	321883363	321886155	fc8d62
2	86672427	86683921	1	321986377	321992216	fc8d62
2	86665665	86668747	1	322001596	322003612	fc8d62
2	86653709	86659556	1	322034738	322042517	fc8d62
2	86636695	86642779	1	322091803	322099137	fc8d62
2	86612956	86616461	1	322106898	322110273	fc8d62
2	86606203	86608436	1	322111432	322115629	fc8d62
2	86596306	86601725	1	322459959	322465036	fc8d62
2	86592080	86594706	1	322465958	322468905	fc8d62
2	86589188	86590707	1	322469272	322471287	fc8d62
2	86568120	86572113	1	322492708	322496191	fc8d62
2	86557963	86565014	1	322507074	322513497	fc8d62
2	86555141	86556488	1	322514716	322516012	fc8d62
2	86538908	86543288	1	322539932	322544289	fc8d62
2	86525646	86528800	1	322605117	322607458	fc8d62
2	86517571	86520085	1	322620821	322623379	fc8d62
2	86514306	86516574	1	322623225	322627677	fc8d62
2	86502004	86508428	1	322679161	322684778	fc8d62
2	86494476	86497272	1	322754787	322757859	fc8d62
2	86494476	86497272	1	322782768	322785705	fc8d62
2	86326345	86329226	1	323070861	323073624	fc8d62
2	1099687	1102362	1	323079157	323082219	fc8d62
2	86313835	86324095	1	323279938	323290348	fc8d62
2	86304409	86312400	1	323296416	323305993	fc8d62
2	86290768	86293322	1	323332580	323334595	fc8d62
2	86279554	86289689	1	323337092	323342994	fc8d62
2	87209624	87213227	1	323383347	323386957	fc8d62
2	87214316	87214918	1	323387010	323387829	fc8d62
2	87217204	87217806	1	323389641	323390534	fc8d62
2	87198334	87206433	1	323483371	323488072	fc8d62
2	87183808	87186644	1	323762843	323765658	fc8d62
2	87181143	87181739	1	323767936	323768700	fc8d62
2	87175478	87176092	1	323807473	323808321	fc8d62
2	87165376	87171170	1	324078986	324089031	fc8d62
2	87165376	87171170	1	324226408	324230742	fc8d62
2	87165376	87171170	1	324232149	324236477	fc8d62
2	87127757	87140146	1	324250458	324261269	fc8d62
2	87124607	87126547	1	324261692	324263478	fc8d62
2	87116638	87120145	1	324278687	324281029	fc8d62
1	98425278	98426624	1	324297267	324298665	fc8d62
2	87110858	87112862	1	324298829	324301313	fc8d62
2	87105870	87109548	1	324312094	324315751	fc8d62
2	87077347	87078883	1	324347287	324348528	fc8d62
2	87067189	87072259	1	324351642	324356709	fc8d62
2	74053044	74055787	1	324865381	324867142	fc8d62
2	87061044	87066390	1	324867616	324872105	fc8d62
2	87054810	87059555	1	324874794	324879214	fc8d62
2	87046288	87050363	1	324978041	324982504	fc8d62
2	87039754	87045838	1	324982525	324986229	fc8d62
2	87028173	87034649	1	325478053	325481742	fc8d62
2	87024625	87026892	1	325482149	325484162	fc8d62
2	87018839	87020305	1	325486978	325488808	fc8d62
2	87004458	87008154	1	325546660	325549199	fc8d62
2	86991030	87004542	1	325549074	325563708	fc8d62
2	86985367	86988892	1	325606466	325609644	fc8d62
2	86981408	86983909	1	325611955	325616934	fc8d62
2	86956507	86959947	1	325618960	325622033	fc8d62
2	86954574	86955867	1	325642283	325643129	fc8d62
2	86944210	86948337	1	325680536	325683309	fc8d62
2	86930028	86936457	1	325860553	325866255	fc8d62
2	86925439	86928954	1	325866559	325869327	fc8d62
2	86892381	86895104	1	326197047	326199536	fc8d62
2	86205475	86209581	1	326481949	326486825	fc8d62
2	86196540	86198845	1	326488188	326489807	fc8d62
2	86191976	86193647	1	326510382	326512030	fc8d62
2	86175636	86179370	1	326551356	326555532	fc8d62
2	86091462	86092676	1	326561877	326563516	fc8d62
2	86167583	86170475	1	326561877	326563516	fc8d62
2	86221736	86227462	1	326722610	326732323	fc8d62
2	86205475	86209581	1	326753320	326758021	fc8d62
2	86196540	86198845	1	326760006	326761599	fc8d62
2	86191976	86193647	1	326786667	326788225	fc8d62
2	86175636	86179370	1	326796183	326800308	fc8d62
2	86167583	86170475	1	326814312	326818929	fc8d62
2	86103863	86111722	1	326818933	326825346	fc8d62
2	86131107	86137025	1	326818933	326825346	fc8d62
2	86039321	86041663	1	326882253	326885132	fc8d62
2	86012159	86016691	1	327014741	327018144	fc8d62
2	86012159	86016691	1	327025974	327029990	fc8d62
2	86012159	86016691	1	327033499	327037023	fc8d62
2	86012159	86016691	1	327058957	327063730	fc8d62
1	16791197	16792096	1	327064089	327065878	fc8d62
2	9788243	9789940	1	327064089	327065878	fc8d62
2	86012159	86016691	1	327106996	327111005	fc8d62
2	85983905	85985856	1	327113790	327117684	fc8d62
2	85977312	85980851	1	327118159	327123172	fc8d62
2	85952704	85953654	1	327140362	327142149	fc8d62
2	85946234	85950980	1	327143036	327149565	fc8d62
2	85936820	85942100	1	327152592	327157983	fc8d62
2	85930225	85936423	1	327158065	327164790	fc8d62
2	85896631	85899818	1	327214520	327218493	fc8d62
2	85037799	85038005	1	327256603	327256896	fc8d62
2	85869595	85871299	1	327263302	327264589	fc8d62
2	85869595	85871299	1	327294585	327296519	fc8d62
2	85816616	85817839	1	327357642	327358633	fc8d62
2	85861768	85862802	1	327357642	327358633	fc8d62
2	85816616	85817839	1	327471341	327472408	fc8d62
2	85861768	85862802	1	327471341	327472408	fc8d62
2	85812778	85813898	1	327513987	327515420	fc8d62
2	85808725	85810452	1	327516100	327518515	fc8d62
2	85800102	85805633	1	327566578	327572914	fc8d62
2	85790277	85794966	1	327579413	327586810	fc8d62
2	9453930	9454574	1	327810936	327811789	fc8d62
2	9457521	9460514	1	327813628	327816074	fc8d62
2	9496733	9512227	1	327817569	327833778	fc8d62
2	85619837	85625451	1	327901791	327907766	fc8d62
2	85604879	85610011	1	327926873	327932419	fc8d62
2	85592192	85604935	1	327932258	327943514	fc8d62
2	85587083	85590878	1	327945693	327951287	fc8d62
2	85572530	85573435	1	328050678	328051778	fc8d62
2	85569055	85571067	1	328060674	328062831	fc8d62
2	85564931	85568763	1	328072879	328076886	fc8d62
2	85505167	85519678	1	328193749	328206734	fc8d62
2	85520503	85527236	1	328215610	328221972	fc8d62
2	85535672	85540386	1	328215610	328221972	fc8d62
2	85552127	85557530	1	328215610	328221972	fc8d62
2	85520503	85527236	1	328222565	328229277	fc8d62
2	85535672	85540386	1	328222565	328229277	fc8d62
2	85552127	85557530	1	328222565	328229277	fc8d62
2	85483662	85491546	1	328238556	328247437	fc8d62
2	85483662	85491546	1	328280617	328290252	fc8d62
2	85469976	85480378	1	328292560	328301682	fc8d62
2	85415930	85418802	1	328341387	328345254	fc8d62
1	19325100	19329883	1	328352060	328356332	fc8d62
1	93168927	93173240	1	328352060	328356332	fc8d62
2	85380395	85381435	1	328452276	328453681	fc8d62
2	85368820	85373422	1	328460105	328464962	fc8d62
2	85356972	85361736	1	328524357	328529962	fc8d62
2	85336395	85340522	1	328541842	328548241	fc8d62
2	85325581	85331306	1	328592479	328597796	fc8d62
2	85306233	85312843	1	328731255	328739189	fc8d62
2	85260997	85279394	1	328759648	328769490	fc8d62
2	85256882	85260056	1	328769533	328773108	fc8d62
2	85220798	85226816	1	328798785	328803989	fc8d62
2	85195812	85203090	1	328838436	328845384	fc8d62
2	85186632	85188732	1	328851615	328854144	fc8d62
2	85170925	85185494	1	328854630	328869188	fc8d62
2	85149993	85157152	1	328871890	328878683	fc8d62
2	85140611	85147661	1	328884993	328892700	fc8d62
2	85128979	85138192	1	328966150	328975750	fc8d62
2	85099277	85112364	1	329089881	329103301	fc8d62
2	85078502	85083338	1	329133360	329138601	fc8d62
2	85078502	85083338	1	329139594	329145133	fc8d62
2	84985423	84987433	1	329270664	329272567	fc8d62
2	85001108	85003392	1	329270664	329272567	fc8d62
2	84980833	84982760	1	329273259	329274966	fc8d62
2	84980833	84982760	1	329328106	329331532	fc8d62
2	84973791	84975605	1	329349735	329351524	fc8d62
2	84972303	84972728	1	329353743	329354410	fc8d62
2	84962577	84964689	1	329357900	329360879	fc8d62
2	84957323	84961628	1	329365363	329372399	fc8d62
2	84933879	84939192	1	329455789	329462723	fc8d62
2	84929533	84932428	1	329473924	329475678	fc8d62
2	84916353	84922885	1	329477134	329485418	fc8d62
2	84905181	84911468	1	329487959	329494059	fc8d62
2	84898592	84904229	1	329494052	329500506	fc8d62
2	84876531	84880268	1	329503178	329506525	fc8d62
2	84870925	84875450	1	329507111	329511171	fc8d62
2	84855990	84861379	1	329511830	329516838	fc8d62
2	84855990	84861379	1	329532463	329536830	fc8d62
2	84837433	84853171	1	329585185	329601599	fc8d62
2	84802847	84808614	1	329656566	329661805	fc8d62
2	84777828	84778596	1	329663799	329664503	fc8d62
2	84769873	84774437	1	329667462	329672516	fc8d62
2	84753892	84756380	1	329806235	329809210	fc8d62
2	84750762	84753380	1	329809188	329811689	fc8d62
2	84742819	84749027	1	329813000	329817816	fc8d62
2	84740235	84742681	1	329818044	329820362	fc8d62
2	84721527	84733467	1	329919042	329930994	fc8d62
2	84712526	84717059	1	329932235	329936412	fc8d62
2	84689418	84692799	1	329937663	329941308	fc8d62
2	84685504	84687714	1	330136632	330138525	fc8d62
2	84639835	84640260	1	330139537	330139968	fc8d62
2	84639835	84640260	1	330164226	330164864	fc8d62
2	84633044	84638517	1	330165401	330171564	fc8d62
2	84620217	84625876	1	330209245	330215040	fc8d62
2	84607440	84609388	1	330222587	330225042	fc8d62
2	84602309	84603316	1	330299813	330301185	fc8d62
2	84551855	84555309	1	330318421	330322837	fc8d62
2	84551855	84555309	1	330326608	330332523	fc8d62
2	84531331	84536559	1	330535666	330541248	fc8d62
2	84440633	84445688	1	330599836	330604995	fc8d62
2	1626954	1627794	1	330845854	330847438	fc8d62
2	84426760	84427662	1	331017255	331018260	fc8d62
2	84426760	84427662	1	331269015	331270269	fc8d62
2	84417456	84425348	1	331270685	331277348	fc8d62
2	84348970	84363877	1	331350903	331365196	fc8d62
2	84342929	84344400	1	331367738	331369055	fc8d62
2	84337310	84342288	1	331369022	331373964	fc8d62
2	16781389	16783329	1	331407729	331409382	fc8d62
2	84252976	84261135	1	331481426	331488443	fc8d62
2	79185800	79190460	1	331514278	331517879	fc8d62
2	79182431	79184115	1	332051629	332053574	fc8d62
2	84243082	84244325	1	332169262	332170134	fc8d62
2	84243082	84244325	1	332170891	332171876	fc8d62
2	84245678	84247555	1	332170891	332171876	fc8d62
2	84237620	84242392	1	332171787	332176763	fc8d62
2	84224652	84235452	1	332177736	332189551	fc8d62
2	84210032	84218419	1	332213229	332223940	fc8d62
2	84204330	84208694	1	332224132	332227865	fc8d62
2	84107584	84110182	1	332234774	332239012	fc8d62
2	84099786	84105799	1	332268888	332275260	fc8d62
2	84097481	84099271	1	332275413	332277311	fc8d62
2	84082516	84085403	1	332278476	332281452	fc8d62
2	84051578	84053443	1	332326567	332328298	fc8d62
2	83958163	83960541	1	332399794	332402555	fc8d62
2	83933306	83949529	1	332460725	332474794	fc8d62
2	83889870	83893671	1	332672676	332676749	fc8d62
2	83911247	83913371	1	332672676	332676749	fc8d62
2	83767672	83768700	1	332677820	332678559	fc8d62
2	83810373	83810804	1	332677820	332678559	fc8d62
2	83762771	83763088	1	332719831	332720463	fc8d62
2	83767672	83768700	1	332719831	332720463	fc8d62
2	83810373	83810804	1	332719831	332720463	fc8d62
2	83762771	83763088	1	332739556	332740005	fc8d62
2	83810373	83810804	1	332739556	332740005	fc8d62
2	83718829	83724744	1	332791941	332798123	fc8d62
2	83706687	83709112	1	332816810	332820327	fc8d62
2	83685893	83690689	1	332826123	332832143	fc8d62
2	83676255	83679729	1	332834341	332838469	fc8d62
2	83666420	83670286	1	332846822	332851611	fc8d62
2	83652937	83665239	1	332851980	332865242	fc8d62
2	83626930	83633223	1	332874985	332879160	fc8d62
2	83618595	83619937	1	332893185	332895126	fc8d62
2	83618595	83619937	1	333020421	333021981	fc8d62
2	83594010	83595674	1	333174282	333175783	fc8d62
2	83594010	83595674	1	333357869	333360514	fc8d62
2	83480681	83489224	1	333454905	333463058	fc8d62
2	83478389	83480279	1	333463454	333465634	fc8d62
2	83474626	83476460	1	333466666	333470088	fc8d62
2	83464375	83469197	1	333494650	333499690	fc8d62
2	83462924	83464356	1	333499831	333501328	fc8d62
2	83458836	83461878	1	333502680	333505434	fc8d62
2	83446630	83455993	1	333508061	333517248	fc8d62
2	83435965	83440432	1	333518757	333523295	fc8d62
2	83417788	83422153	1	333556684	333560199	fc8d62
1	89873946	89874579	1	333571616	333572861	fc8d62
2	83412468	83413695	1	333571616	333572861	fc8d62
2	83398481	83404234	1	333574478	333581701	fc8d62
2	83391612	83396860	1	333654741	333660078	fc8d62
2	83373649	83378740	1	333683015	333689197	fc8d62
2	83344311	83346379	1	333871441	333872508	fc8d62
2	83284394	83288389	1	333872510	333876053	fc8d62
2	83296087	83300693	1	333872510	333876053	fc8d62
2	83312982	83315858	1	333872510	333876053	fc8d62
2	83338412	83342947	1	333872510	333876053	fc8d62
2	83282362	83283220	1	333920452	333921129	fc8d62
2	83327360	83327904	1	333920452	333921129	fc8d62
2	83263078	83276163	1	334010307	334021735	fc8d62
2	83210960	83232185	1	334057240	334076725	fc8d62
2	83119267	83124476	1	334077777	334083648	fc8d62
2	83186599	83192702	1	334077777	334083648	fc8d62
2	83176011	83182461	1	334088822	334095744	fc8d62
2	83172546	83173740	1	334097975	334099470	fc8d62
2	83160237	83166892	1	334104513	334111077	fc8d62
2	83131730	83132248	1	334157653	334158545	fc8d62
2	83129653	83130858	1	334159241	334160515	fc8d62
2	83124523	83128595	1	334161012	334165688	fc8d62
2	83119267	83124476	1	334165555	334171640	fc8d62
2	83186599	83192702	1	334165555	334171640	fc8d62
2	83103123	83108255	1	334183923	334189290	fc8d62
2	83090760	83094566	1	334229877	334236330	fc8d62
2	83059538	83063833	1	334301730	334306011	fc8d62
2	83004297	83006985	1	334338464	334342999	fc8d62
2	83004297	83006985	1	334364705	334367471	fc8d62
2	83004297	83006985	1	334388133	334392346	fc8d62
2	82960054	82968108	1	334418404	334426400	fc8d62
2	82894744	82900218	1	334440795	334443745	fc8d62
2	82894744	82900218	1	334561494	334565688	fc8d62
2	82871170	82873683	1	334610120	334613998	fc8d62
2	82865311	82870486	1	334614118	334619971	fc8d62
2	82850802	82856434	1	334621074	334626660	fc8d62
2	82825832	82830515	1	334627339	334630239	fc8d62
2	82809546	82817640	1	334633276	334639741	fc8d62
2	82797621	82800890	1	334649266	334651953	fc8d62
2	82776530	82785908	1	334663369	334673144	fc8d62
2	82766478	82773105	1	334713025	334718949	fc8d62
2	82761917	82763891	1	334719349	334722897	fc8d62
2	82735547	82740683	1	334734976	334740633	fc8d62
2	82674412	82682033	1	334759890	334769574	fc8d62
2	82506183	82515473	1	335145611	335150307	fc8d62
2	82490211	82495527	1	335150630	335156691	fc8d62
2	82519758	82525306	1	335150630	335156691	fc8d62
2	82575291	82576375	1	335156659	335157937	fc8d62
2	82567765	82569832	1	335166806	335168941	fc8d62
2	82533890	82535113	1	335209987	335211607	fc8d62
2	82418689	82423023	1	335513757	335516960	fc8d62
2	82409655	82417932	1	335517634	335525320	fc8d62
2	82334508	82340496	1	335536731	335541000	fc8d62
2	82282927	82284271	1	335559428	335560808	fc8d62
2	82146251	82149535	1	335599579	335602939	fc8d62
2	82142187	82145710	1	335603154	335609570	fc8d62
2	82117110	82125518	1	335619426	335634042	fc8d62
2	82100306	82112820	1	335635074	335647144	fc8d62
2	82093805	82098389	1	335651423	335656552	fc8d62
2	82089106	82091626	1	335657259	335659899	fc8d62
2	82061575	82061937	1	335664235	335664847	fc8d62
2	82021197	82029958	1	335681109	335689554	fc8d62
2	82002264	82004236	1	335691474	335692914	fc8d62
2	82018089	82020012	1	335691474	335692914	fc8d62
2	81988020	81992056	1	335798569	335804505	fc8d62
2	81925814	81931693	1	335806138	335811916	fc8d62
2	81919018	81925220	1	335812024	335817183	fc8d62
2	81873723	81877315	1	335836405	335840913	fc8d62
2	81863512	81870266	1	335841202	335849280	fc8d62
2	81760830	81763119	1	335910880	335913492	fc8d62
2	81701560	81704061	1	335932589	335934731	fc8d62
2	81701560	81704061	1	335935814	335937522	fc8d62
2	81696745	81700974	1	335939706	335945056	fc8d62
2	81604100	81613961	1	336102418	336112139	fc8d62
2	81597052	81602480	1	336113293	336119259	fc8d62
2	81584032	81586903	1	336122523	336125681	fc8d62
2	81534376	81537368	1	336165915	336170136	fc8d62
2	81470316	81472170	1	336170138	336172326	fc8d62
2	81486287	81492982	1	336187191	336193706	fc8d62
2	81425167	81429330	1	336254393	336260152	fc8d62
2	81415483	81421731	1	336262909	336270441	fc8d62
2	81412760	81415388	1	336270423	336272135	fc8d62
2	81404604	81411731	1	336273267	336280639	fc8d62
2	81384829	81386510	1	336375885	336377337	fc8d62
2	81357683	81364517	1	336394001	336401913	fc8d62
2	81321069	81324791	1	336424784	336427555	fc8d62
2	81292077	81294078	1	336450509	336452914	fc8d62
2	81289529	81291714	1	336452705	336455363	fc8d62
2	81262118	81263458	1	336470070	336471644	fc8d62
2	81212714	81213888	1	336474805	336476507	fc8d62
2	81212714	81213888	1	336519496	336521262	fc8d62
2	81150133	81154897	1	336551596	336554713	fc8d62
2	81142936	81148719	1	336558645	336565770	fc8d62
2	81138175	81141450	1	336566430	336570942	fc8d62
2	81125732	81129711	1	336582124	336586753	fc8d62
2	81123825	81125051	1	336587074	336589028	fc8d62
2	81115366	81123163	1	336592936	336597097	fc8d62
2	81105867	81113445	1	336601119	336609435	fc8d62
2	81101785	81102801	1	336614219	336615610	fc8d62
2	81024476	81032918	1	336685822	336695294	fc8d62
2	81011669	81017127	1	336713637	336720203	fc8d62
2	81007363	81008052	1	336722062	336723166	fc8d62
2	80995854	81001001	1	336885381	336891491	fc8d62
2	80915729	80916367	1	336926057	336926955	fc8d62
2	80908584	80912616	1	336927937	336931598	fc8d62
2	80815429	80820309	1	336960339	336964648	fc8d62
2	80769516	80775549	1	336991860	336997918	fc8d62
2	80734468	80744622	1	337004758	337016262	fc8d62
2	80728476	80732790	1	337017987	337023241	fc8d62
2	80718482	80728022	1	337034243	337046055	fc8d62
2	80716446	80716898	1	337046617	337047299	fc8d62
2	80706457	80707481	1	337057900	337058795	fc8d62
2	80691811	80697302	1	337060547	337066963	fc8d62
2	80649709	80650723	1	337088097	337089863	fc8d62
2	80640975	80648155	1	337101717	337108753	fc8d62
2	80635895	80639142	1	337110165	337113922	fc8d62
2	80625740	80631572	1	337116216	337122174	fc8d62
2	80602566	80615469	1	337165968	337181151	fc8d62
2	80587065	80594700	1	337184910	337192354	fc8d62
2	80580048	80583636	1	337194748	337198511	fc8d62
1	89713908	89717595	1	337243130	337248147	fc8d62
2	80518580	80523043	1	337243130	337248147	fc8d62
2	80457860	80465617	1	337271752	337279819	fc8d62
2	80449925	80454171	1	337281453	337284489	fc8d62
2	80440850	80448651	1	337287200	337296735	fc8d62
2	80434962	80439373	1	337297822	337302341	fc8d62
2	80428603	80432679	1	337304089	337309320	fc8d62
2	80423242	80428246	1	337310177	337315431	fc8d62
2	80415501	80420361	1	337316500	337321890	fc8d62
2	80412316	80413380	1	337323715	337324982	fc8d62
2	80395384	80403263	1	337327779	337334377	fc8d62
2	80389549	80393053	1	337337892	337341651	fc8d62
2	80385519	80388560	1	337342214	337345463	fc8d62
2	80368777	80371139	1	337351808	337354563	fc8d62
2	80324636	80329009	1	337469547	337473648	fc8d62
2	80313162	80323171	1	337474821	337485027	fc8d62
2	80239287	80245730	1	337509061	337513552	fc8d62
2	80223062	80225858	1	337532815	337535693	fc8d62
2	80215611	80219605	1	337539509	337543968	fc8d62
2	80202770	80215165	1	337544013	337557612	fc8d62
2	80192174	80200412	1	337559034	337563452	fc8d62
2	80183001	80186883	1	337569100	337572435	fc8d62
2	80177892	80179609	1	337573538	337576866	fc8d62
2	80158541	80162831	1	337618350	337622354	fc8d62
2	80153700	80155602	1	337622832	337624596	fc8d62
2	80129122	80139399	1	337663604	337673755	fc8d62
2	80085066	80089301	1	337684073	337688391	fc8d62
2	80076783	80078915	1	337703029	337705548	fc8d62
2	80045771	80048547	1	337745075	337749024	fc8d62
2	80041711	80044996	1	337749941	337752894	fc8d62
2	79865428	79871096	1	337860580	337864842	fc8d62
2	79899085	79901472	1	337860580	337864842	fc8d62
2	79911034	79914994	1	337860580	337864842	fc8d62
2	79894964	79898924	1	337866319	337869040	fc8d62
2	79938853	79941510	1	337866319	337869040	fc8d62
2	79993473	79997729	1	337866319	337869040	fc8d62
2	79894964	79898924	1	337880708	337883136	fc8d62
2	79938853	79941510	1	337880708	337883136	fc8d62
2	79993473	79997729	1	337880708	337883136	fc8d62
2	79850476	79852723	1	337894193	337896800	fc8d62
2	79850476	79852723	1	337898595	337900887	fc8d62
2	79836581	79837879	1	337904155	337905532	fc8d62
2	79796048	79800366	1	337925846	337929040	fc8d62
2	79777304	79783349	1	337933890	337940252	fc8d62
2	79768380	79776968	1	337940193	337948671	fc8d62
2	79758203	79762621	1	337951882	337956796	fc8d62
2	79736586	79743036	1	337958394	337964503	fc8d62
2	79850476	79852723	1	337965512	337968381	fc8d62
2	79836581	79837879	1	337973779	337975363	fc8d62
2	79726679	79733572	1	337989367	337998343	fc8d62
2	79717299	79722016	1	338004945	338010914	fc8d62
2	79709803	79715135	1	338053095	338057983	fc8d62
2	79681061	79683961	1	338058773	338062386	fc8d62
2	88278570	88281557	1	338058773	338062386	fc8d62
2	79676518	79680213	1	338062413	338067720	fc8d62
2	79547023	79552065	1	338091416	338096394	fc8d62
2	79547023	79552065	1	338100679	338105997	fc8d62
2	79523663	79528204	1	338124383	338130555	fc8d62
2	79508603	79515127	1	338205182	338212875	fc8d62
2	79488822	79496070	1	338230163	338237717	fc8d62
2	79478663	79488451	1	338241754	338251252	fc8d62
2	79474204	79478442	1	338252410	338257763	fc8d62
2	79413286	79418942	1	338273955	338279782	fc8d62
2	79248048	79251910	1	338280184	338283073	fc8d62
2	79185800	79190460	1	338351509	338355812	fc8d62
2	79170573	79182036	1	338370420	338382243	fc8d62
2	79137061	79140896	1	338388724	338392216	fc8d62
2	79137061	79140896	1	338409445	338411942	fc8d62
2	79137061	79140896	1	338413448	338417038	fc8d62
2	79066541	79070384	1	338439612	338444148	fc8d62
2	79060424	79064789	1	338444750	338451027	fc8d62
2	79050973	79057286	1	338451671	338459095	fc8d62
2	79043470	79049441	1	338459871	338465866	fc8d62
2	79027032	79028165	1	338476413	338477940	fc8d62
2	79022186	79026237	1	338478101	338483125	fc8d62
2	78892746	78894962	1	338489804	338491712	fc8d62
2	78944096	78946310	1	338489804	338491712	fc8d62
2	78987243	78989457	1	338489804	338491712	fc8d62
2	79017752	79019542	1	338489804	338491712	fc8d62
2	78892746	78894962	1	338556519	338558415	fc8d62
2	78944096	78946310	1	338556519	338558415	fc8d62
2	78987243	78989457	1	338556519	338558415	fc8d62
2	79017752	79019542	1	338556519	338558415	fc8d62
2	78867509	78872874	1	338681489	338687380	fc8d62
2	78822129	78826051	1	338732505	338736559	fc8d62
2	78807439	78809301	1	338741244	338742777	fc8d62
2	78804527	78805951	1	338743572	338745549	fc8d62
2	78799995	78804288	1	338746158	338751058	fc8d62
2	78790773	78795994	1	338754207	338759360	fc8d62
2	78696880	78700061	1	338801644	338805133	fc8d62
2	78693759	78695018	1	338806038	338808152	fc8d62
2	78689614	78691611	1	338808765	338812402	fc8d62
2	78683564	78688959	1	338812113	338817080	fc8d62
2	78664302	78668144	1	339068970	339075964	fc8d62
2	78605257	78607057	1	339103321	339105280	fc8d62
2	78580914	78584566	1	339143571	339148433	fc8d62
2	78571920	78577406	1	339164815	339170989	fc8d62
2	78555699	78562753	1	339173893	339181739	fc8d62
2	78456122	78460784	1	339196869	339201021	fc8d62
2	78532365	78533297	1	339201316	339202257	fc8d62
2	78124532	78128362	1	339347878	339351293	fc8d62
2	78098182	78100636	1	339543938	339547467	fc8d62
2	78090219	78092064	1	339548295	339550862	fc8d62
1	5774043	5777537	1	339551559	339555163	fc8d62
2	78087249	78089257	1	339551559	339555163	fc8d62
2	78077694	78083519	1	339556210	339564285	fc8d62
2	78057717	78065220	1	339567879	339576273	fc8d62
2	78053975	78055351	1	339577416	339579128	fc8d62
2	78045823	78048078	1	339580927	339583825	fc8d62
2	78043121	78045050	1	339584590	339586910	fc8d62
2	78023042	78023834	1	339589778	339591017	fc8d62
2	78009581	78018908	1	339601344	339609790	fc8d62
2	77998337	78002903	1	339638845	339643163	fc8d62
2	77994763	77997764	1	339643416	339648010	fc8d62
2	77954196	77956562	1	339648946	339651416	fc8d62
2	77945642	77947514	1	339657228	339659154	fc8d62
2	77932412	77935085	1	339664954	339667634	fc8d62
2	77921914	77923874	1	339667913	339670433	fc8d62
2	77909093	77915692	1	339672351	339679812	fc8d62
2	77902239	77903461	1	339684066	339685689	fc8d62
2	77896622	77901958	1	339685726	339692889	fc8d62
2	77889579	77890601	1	339696964	339698566	fc8d62
2	77753858	77760306	1	340121523	340129407	fc8d62
2	77721045	77729810	1	340230581	340242208	fc8d62
2	77719015	77721495	1	340239314	340241705	fc8d62
2	77710777	77716727	1	340252588	340260069	fc8d62
2	77704107	77710291	1	340299081	340303917	fc8d62
2	77518071	77521791	1	340379859	340385133	fc8d62
2	77392242	77395412	1	340456998	340460981	fc8d62
2	77386184	77391238	1	340462743	340466083	fc8d62
2	77319791	77323075	1	340473139	340476681	fc8d62
2	77370657	77374005	1	340473139	340476681	fc8d62
2	77319791	77323075	1	340481139	340486712	fc8d62
2	77370657	77374005	1	340481139	340486712	fc8d62
2	77319791	77323075	1	340623814	340630319	fc8d62
2	77370657	77374005	1	340623814	340630319	fc8d62
2	77220881	77227040	1	340660450	340666784	fc8d62
2	14317932	14320657	1	340682149	340686922	fc8d62
2	77191802	77195931	1	340682149	340686922	fc8d62
2	77153281	77154754	1	340693410	340694299	fc8d62
2	77180147	77180614	1	340693410	340694299	fc8d62
2	77153281	77154754	1	340695009	340695973	fc8d62
2	77145801	77150598	1	340699396	340705731	fc8d62
2	77132680	77144912	1	340715025	340721978	fc8d62
2	77131092	77132207	1	340722614	340724127	fc8d62
2	76803004	76805093	1	340735754	340738904	fc8d62
2	76750222	76754420	1	340764580	340770383	fc8d62
2	76733165	76735958	1	340775307	340780044	fc8d62
2	76712656	76719271	1	340805377	340810949	fc8d62
2	76666724	76668577	1	341097409	341100496	fc8d62
2	76648203	76652642	1	341107012	341112470	fc8d62
2	76529415	76530866	1	341171782	341174568	fc8d62
2	76522763	76527346	1	341176583	341179806	fc8d62
2	76505893	76510513	1	341180908	341189589	fc8d62
2	76476357	76480722	1	341229485	341233326	fc8d62
2	76473657	76476482	1	341237224	341239836	fc8d62
2	76461883	76471810	1	341240499	341249691	fc8d62
2	76458779	76460206	1	341267187	341268787	fc8d62
2	76433634	76435097	1	341284707	341286607	fc8d62
2	76426158	76427724	1	341287590	341288818	fc8d62
2	76426158	76427724	1	341293311	341294513	fc8d62
2	76426158	76427724	1	341302727	341304247	fc8d62
2	76420923	76425375	1	341304832	341309173	fc8d62
2	76416629	76418187	1	341455108	341456730	fc8d62
2	76413013	76413805	1	341460733	341462062	fc8d62
2	76388865	76392140	1	341479909	341483319	fc8d62
2	76387127	76388892	1	341483236	341484687	fc8d62
2	76375517	76381392	1	341487335	341493355	fc8d62
2	76336341	76338808	1	341598476	341601777	fc8d62
2	76331445	76333548	1	341602950	341605934	fc8d62
2	78892746	78894962	1	341617608	341619587	fc8d62
2	78944096	78946310	1	341617608	341619587	fc8d62
2	78987243	78989457	1	341617608	341619587	fc8d62
2	79017752	79019542	1	341617608	341619587	fc8d62
2	76276952	76279395	1	341631235	341633396	fc8d62
2	76311484	76313927	1	341631235	341633396	fc8d62
1	98233135	98234389	1	341635282	341637547	fc8d62
2	76325942	76327196	1	341635282	341637547	fc8d62
2	76323871	76325559	1	341637571	341639099	fc8d62
2	76318290	76322176	1	341640460	341645449	fc8d62
2	76276952	76279395	1	341650620	341653179	fc8d62
2	76311484	76313927	1	341650620	341653179	fc8d62
2	76253887	76256804	1	341670529	341674074	fc8d62
2	76222620	76225971	1	341679456	341682031	fc8d62
2	76220092	76222251	1	341681981	341684367	fc8d62
2	76215975	76219411	1	341684459	341689541	fc8d62
2	76197484	76216065	1	341691544	341709387	fc8d62
2	76191838	76194944	1	341709889	341714420	fc8d62
2	76182479	76187653	1	341718922	341723154	fc8d62
2	76173913	76179660	1	341725420	341730523	fc8d62
2	76168766	76172594	1	341731857	341737617	fc8d62
2	75005324	75016529	1	341800949	341808282	fc8d62
2	75026306	75028860	1	341810420	341813566	fc8d62
2	75035882	75048426	1	341817888	341832710	fc8d62
2	75091527	75095276	1	341868907	341873412	fc8d62
2	75097681	75107842	1	341875047	341883479	fc8d62
2	75110667	75112750	1	341884369	341886828	fc8d62
2	75117060	75121427	1	341887528	341892353	fc8d62
2	75122295	75123708	1	341896101	341897704	fc8d62
2	75152939	75156274	1	341909549	341913061	fc8d62
2	75156549	75158379	1	341913627	341915653	fc8d62
2	75160598	75164500	1	341917390	341922429	fc8d62
2	75167762	75169839	1	341924995	341928564	fc8d62
2	75170616	75171036	1	341928796	341929570	fc8d62
2	75179153	75180209	1	341933088	341934592	fc8d62
2	75224728	75228660	1	341956449	341960275	fc8d62
2	75232803	75234074	1	341963361	341965088	fc8d62
2	75255069	75259764	1	341969638	341975646	fc8d62
2	75260647	75262141	1	341976529	341978475	fc8d62
2	75303724	75305124	1	341978627	341980371	fc8d62
2	75303724	75305124	1	342002927	342004655	fc8d62
2	75337947	75341158	1	342008220	342009830	fc8d62
2	75361719	75364807	1	342165277	342169689	fc8d62
2	75403672	75405580	1	342200467	342202159	fc8d62
2	75403672	75405580	1	342206587	342207967	fc8d62
2	75408991	75411616	1	342209499	342214141	fc8d62
2	75412511	75416159	1	342215598	342219873	fc8d62
2	75418742	75420993	1	342220296	342223811	fc8d62
2	75435651	75440722	1	342245514	342249753	fc8d62
2	75486149	75503851	1	342250886	342268428	fc8d62
2	75504624	75506073	1	342268689	342271524	fc8d62
2	75507256	75509514	1	342272505	342274447	fc8d62
2	75509086	75513593	1	342274467	342278761	fc8d62
2	75518900	75532164	1	342289387	342301908	fc8d62
2	75541403	75547179	1	342307714	342314754	fc8d62
2	75548594	75551232	1	342314756	342318063	fc8d62
2	75623483	75627621	1	342480762	342486671	fc8d62
2	75633522	75637789	1	342517795	342522861	fc8d62
2	75644891	75651004	1	342531639	342536897	fc8d62
2	75660838	75663375	1	342539780	342543432	fc8d62
2	75666717	75669294	1	342549793	342554762	fc8d62
2	75713894	75719697	1	342561539	342565996	fc8d62
2	75720847	75724230	1	342566757	342569674	fc8d62
2	75751336	75766783	1	342672969	342686989	fc8d62
2	75777772	75785446	1	342934501	342941089	fc8d62
2	75805314	75812044	1	342958483	342962675	fc8d62
2	75848947	75852227	1	342969591	342975898	fc8d62
2	75863934	75868499	1	342982792	342986973	fc8d62
2	75961754	75965059	1	343003536	343006851	fc8d62
2	75965723	75968650	1	343007084	343010462	fc8d62
2	75969516	75971430	1	343011506	343014224	fc8d62
2	75987697	75994413	1	343015317	343021471	fc8d62
2	76001862	76013192	1	343021980	343032077	fc8d62
2	76013191	76016986	1	343031893	343034562	fc8d62
2	76120209	76124195	1	343077631	343083986	fc8d62
2	76129412	76133946	1	343085052	343091816	fc8d62
2	74995814	75005194	1	343116919	343127933	fc8d62
2	74989072	74992764	1	343142822	343148268	fc8d62
2	74981954	74986000	1	343150138	343156805	fc8d62
2	74976635	74979077	1	343163125	343166951	fc8d62
2	74972572	74976657	1	343166902	343171219	fc8d62
2	74692932	74696845	1	343351630	343356310	fc8d62
2	74697806	74719798	1	343356540	343379181	fc8d62
2	74725359	74731261	1	343395401	343399447	fc8d62
2	74732388	74740073	1	343400024	343410436	fc8d62
2	74754453	74761147	1	343413919	343420678	fc8d62
2	74896281	74899695	1	343479035	343482688	fc8d62
2	74903287	74906267	1	343485937	343489209	fc8d62
2	74912021	74913268	1	343489807	343491770	fc8d62
2	74915624	74916841	1	343493038	343494510	fc8d62
2	74924001	74925815	1	343503832	343506259	fc8d62
2	74940476	74947228	1	343507824	343514204	fc8d62
2	74961052	74967698	1	343522001	343531089	fc8d62
2	74649780	74652250	1	343800146	343804005	fc8d62
2	74653487	74656052	1	343804579	343808086	fc8d62
2	74658339	74663435	1	343808920	343814073	fc8d62
2	74232871	74238125	1	343911385	343919703	fc8d62
2	74240078	74247625	1	343923958	343931348	fc8d62
2	74254159	74264947	1	343938520	343950189	fc8d62
2	74267054	74273128	1	343951765	343958321	fc8d62
2	74304649	74307912	1	343987608	343990802	fc8d62
2	74308819	74321784	1	343991200	344003754	fc8d62
2	74332452	74342615	1	344036981	344047872	fc8d62
2	74423055	74429637	1	344060154	344068312	fc8d62
2	74439359	74446926	1	344073972	344081548	fc8d62
2	74517394	74522192	1	344102275	344108797	fc8d62
2	74585149	74588749	1	344118010	344121201	fc8d62
2	74595828	74601718	1	344122830	344128122	fc8d62
2	74602647	74609551	1	344129404	344142605	fc8d62
2	88695562	88701694	1	344288413	344294404	fc8d62
2	88691873	88693933	1	344294829	344297289	fc8d62
2	88686060	88691185	1	344297597	344302077	fc8d62
2	88680818	88685267	1	344302284	344306547	fc8d62
2	88677837	88680285	1	344311488	344314857	fc8d62
2	88673019	88673727	1	344326026	344327226	fc8d62
2	87241900	87247603	1	344327787	344331092	fc8d62
2	88656757	88661591	1	344338974	344343612	fc8d62
2	88652739	88656163	1	344354284	344357471	fc8d62
2	88633916	88645059	1	344363546	344373807	fc8d62
2	88529221	88534458	1	344503496	344512030	fc8d62
2	88519376	88520383	1	344515716	344517223	fc8d62
2	88493700	88518880	1	344527059	344543529	fc8d62
2	88473243	88490543	1	344545806	344564560	fc8d62
2	88471936	88473076	1	344563624	344565312	fc8d62
2	88467543	88468099	1	344570477	344571250	fc8d62
2	88457339	88465712	1	344582254	344592279	fc8d62
2	88452161	88453862	1	344594539	344596135	fc8d62
2	88439087	88440266	1	344604348	344605443	fc8d62
2	88446630	88449793	1	344653525	344656046	fc8d62
1	12469013	12472593	1	344673867	344680085	fc8d62
2	88431102	88437365	1	344682391	344691627	fc8d62
2	88695562	88701694	1	344981647	344987538	fc8d62
2	88691873	88693933	1	344988101	344990478	fc8d62
2	88686060	88691185	1	344990759	344995165	fc8d62
2	88680818	88685267	1	344995425	344999926	fc8d62
2	88677837	88680285	1	345001690	345005109	fc8d62
2	88673019	88673727	1	345019711	345020905	fc8d62
2	87241900	87247603	1	345021436	345024661	fc8d62
2	88656757	88661591	1	345030190	345035073	fc8d62
2	88652739	88656163	1	345035407	345038499	fc8d62
2	88633916	88645059	1	345047033	345057670	fc8d62
1	96979758	96981053	1	345183141	345184888	fc8d62
1	96971955	96973167	1	345199797	345200950	fc8d62
2	22281684	22282577	1	345199797	345200950	fc8d62
1	96968365	96971924	1	345200790	345204480	fc8d62
1	96966518	96967429	1	345205026	345206097	fc8d62
1	96962959	96965791	1	345205891	345209752	fc8d62
1	96952728	96954329	1	345231901	345234271	fc8d62
1	96917682	96931461	1	345246357	345259506	fc8d62
1	96909158	96912529	1	345293897	345297008	fc8d62
1	96896566	96900584	1	345306946	345311065	fc8d62
1	96891347	96895147	1	345311879	345316585	fc8d62
1	96840579	96853843	1	345318925	345336389	fc8d62
2	74602647	74609551	1	345814646	345822337	fc8d62
2	74595828	74601718	1	345828907	345835252	fc8d62
2	74585149	74588749	1	345836918	345840832	fc8d62
2	74517394	74522192	1	345850425	345856655	fc8d62
2	74439359	74446926	1	345876850	345883846	fc8d62
2	74432362	74439399	1	345886012	345889671	fc8d62
2	74423055	74429637	1	345891187	345899537	fc8d62
2	74308819	74321784	1	345976868	345989395	fc8d62
2	74304649	74307912	1	345989708	345992683	fc8d62
2	74267054	74273128	1	346007751	346014828	fc8d62
2	74254159	74264947	1	346016820	346029347	fc8d62
2	74240078	74247625	1	346030586	346036762	fc8d62
2	74232871	74238125	1	346039633	346046762	fc8d62
2	88431102	88437365	1	346160385	346169217	fc8d62
1	12469013	12472593	1	346170387	346173114	fc8d62
1	12469013	12472593	1	346173116	346176797	fc8d62
2	88452161	88453862	1	346200150	346201745	fc8d62
2	88439087	88440266	1	346204056	346205486	fc8d62
1	12469013	12472593	1	346269671	346271950	fc8d62
1	12469013	12472593	1	346278529	346281014	fc8d62
2	88457339	88465712	1	346284280	346295233	fc8d62
2	88467543	88468099	1	346296369	346297168	fc8d62
2	88471936	88473076	1	346301205	346302957	fc8d62
2	88473243	88490543	1	346302053	346321380	fc8d62
2	88493700	88518880	1	346324811	346341382	fc8d62
2	88519376	88520383	1	346350806	346352095	fc8d62
2	88529221	88534458	1	346356462	346364948	fc8d62
