Species_1	Start_1	End_1	Species_2	Start_2	End_2	fill
2	8740	9480	2	44976	45933	ae017e
2	25177	30117	2	95010	98736	ae017e
2	30802	34618	2	99121	103075	ae017e
2	35806	42365	2	103934	111200	ae017e
2	51539	54296	2	139696	143044	ae017e
2	56256	57333	2	155958	157641	ae017e
2	59391	68903	2	162937	170045	ae017e
2	73982	76517	2	411705	414415	ae017e
1	592543	596708	2	429618	434099	ae017e
2	77569	81627	2	429618	434099	ae017e
2	106618	109451	2	458643	461614	ae017e
2	111436	113486	2	464383	465999	ae017e
2	193075	204059	2	485187	494003	ae017e
2	205334	205989	2	501206	501912	ae017e
2	207042	207953	2	503068	504169	ae017e
2	213634	214688	2	513732	514874	ae017e
2	217025	226067	2	524728	534168	ae017e
2	226454	228987	2	535072	538295	ae017e
2	232771	235898	2	539767	544450	ae017e
2	243277	245106	2	614247	616540	ae017e
1	1110241	1111409	2	656014	657745	ae017e
2	272963	274962	2	658322	660665	ae017e
2	276918	278293	2	658322	660665	ae017e
2	272963	274962	2	664635	666843	ae017e
2	276918	278293	2	664635	666843	ae017e
2	272963	274962	2	669216	671349	ae017e
2	276918	278293	2	669216	671349	ae017e
2	280032	281117	2	678319	679874	ae017e
2	281652	284837	2	680005	683062	ae017e
2	290146	291194	2	689847	691249	ae017e
2	305665	310665	2	723643	728616	ae017e
2	314846	317948	2	736406	740269	ae017e
2	319533	320201	2	741127	742254	ae017e
2	320484	323958	2	742261	744880	ae017e
2	343331	346026	2	866878	871064	ae017e
2	364956	369063	2	926829	932425	ae017e
2	377411	382639	2	940952	948336	ae017e
2	546216	551619	2	989572	994659	ae017e
2	517434	519835	2	1038254	1041000	ae017e
2	490301	497033	2	1065521	1070919	ae017e
2	488813	490063	2	1071193	1072848	ae017e
2	479738	486698	2	1076197	1080278	ae017e
2	472604	475068	2	1096779	1100073	ae017e
2	468223	470387	2	1101097	1104741	ae017e
2	459582	462857	2	1109642	1112350	ae017e
2	449547	458576	2	1113261	1119902	ae017e
2	435983	438310	2	1148035	1150393	ae017e
2	427151	433327	2	1167443	1172581	ae017e
2	409580	412144	2	1222941	1225678	ae017e
2	407150	409565	2	1226194	1229061	ae017e
2	402461	404706	2	1231744	1234644	ae017e
2	397168	401469	2	1237532	1241871	ae017e
2	551892	555997	2	1242060	1246165	ae017e
2	579757	587923	2	1263801	1271785	ae017e
2	588367	589998	2	1272010	1273993	ae017e
2	596052	598104	2	1418313	1421004	ae017e
2	598535	603727	2	1425111	1430215	ae017e
2	605553	613462	2	1434379	1441420	ae017e
2	620800	621255	2	1446839	1447309	ae017e
2	624612	627354	2	1452109	1454325	ae017e
2	634117	639754	2	1497129	1502105	ae017e
2	643604	649940	2	1503740	1515174	ae017e
2	658866	660989	2	1527820	1529995	ae017e
2	662896	670874	2	1550857	1556001	ae017e
2	716623	723601	2	1556086	1560369	ae017e
2	733480	735471	2	1586865	1589534	ae017e
2	744245	752799	2	1593297	1601438	ae017e
2	753672	761144	2	1607437	1616910	ae017e
2	765031	768611	2	1622175	1624891	ae017e
2	780351	781070	2	1643415	1644134	ae017e
1	3262208	3265204	2	1651254	1654034	ae017e
2	786279	791089	2	1651254	1654034	ae017e
2	818404	821830	2	1664305	1666896	ae017e
2	881764	886667	2	1690573	1694378	ae017e
2	891760	898423	2	1699525	1704436	ae017e
2	902017	905160	2	1712274	1715847	ae017e
2	918404	920978	2	1781122	1782870	ae017e
2	930418	934167	2	1795515	1799188	ae017e
2	935970	940185	2	1801113	1803728	ae017e
2	946310	948853	2	1804075	1807223	ae017e
2	964641	970457	2	1838110	1844247	ae017e
2	973152	977114	2	1849686	1853905	ae017e
2	978904	984797	2	1855148	1861000	ae017e
2	997594	1003879	2	2106574	2111245	ae017e
2	1018710	1022093	2	2129144	2135301	ae017e
2	1026360	1031303	2	2144258	2148763	ae017e
2	1032315	1040532	2	2149619	2157505	ae017e
2	1041777	1047995	2	2161401	2166357	ae017e
2	1070219	1071712	2	2298877	2300382	ae017e
2	1080573	1084397	2	2306075	2309890	ae017e
2	1088920	1093314	2	2321756	2324902	ae017e
2	1099687	1102362	2	2336748	2339160	fc8d62
2	1104593	1112193	2	2340457	2349105	ae017e
2	1112519	1114843	2	2348890	2350862	ae017e
1	4567558	4569605	2	2352851	2353916	ae017e
2	1117290	1118519	2	2352851	2353916	ae017e
2	1131980	1143600	2	2389251	2401770	ae017e
2	1145675	1157053	2	2389251	2401770	ae017e
2	1131980	1143600	2	2406027	2417811	ae017e
2	1145675	1157053	2	2406027	2417811	ae017e
2	1182844	1185897	2	2455865	2459644	ae017e
2	1199834	1203765	2	2473702	2478327	ae017e
2	1209624	1212285	2	2483037	2486334	ae017e
2	1213755	1216506	2	2487351	2490026	ae017e
2	1218338	1221860	2	2492302	2495387	ae017e
2	1230354	1236225	2	2498326	2503363	ae017e
2	1236711	1240780	2	2503521	2508557	ae017e
2	1241682	1247060	2	2509945	2516487	ae017e
2	1248132	1262147	2	2517384	2531145	ae017e
2	1276957	1278291	2	2574142	2575785	ae017e
2	1283229	1288589	2	2581797	2586711	ae017e
2	1294239	1297304	2	2592339	2595163	ae017e
2	1319966	1323744	2	2625023	2628506	ae017e
2	1328402	1329970	2	2635187	2637209	ae017e
2	1349196	1357127	2	2648267	2655303	ae017e
2	1358213	1358977	2	2660898	2662100	ae017e
2	1365794	1372605	2	2696391	2706386	ae017e
2	1373372	1373962	2	2707569	2708162	ae017e
2	1448781	1451548	2	2709714	2712741	ae017e
2	1452964	1457788	2	2714637	2719797	ae017e
2	1467142	1470354	2	2732963	2736853	ae017e
2	1569673	1570506	2	2758449	2759561	ae017e
2	1571321	1575880	2	2760042	2764311	ae017e
2	1577492	1580600	2	2769408	2772259	ae017e
2	1584631	1586456	2	2775064	2776503	ae017e
1	5746127	5747178	2	2777039	2778319	ae017e
2	1586539	1588719	2	2777039	2778319	ae017e
2	1590367	1591822	2	2779761	2780907	ae017e
2	1632265	1640455	2	2784297	2791687	ae017e
2	1643545	1663186	2	2795226	2815998	ae017e
2	1676147	1684044	2	2831424	2838423	ae017e
2	1685412	1691327	2	2840173	2846958	ae017e
2	1693050	1697383	2	2906796	2910339	ae017e
2	1701793	1703112	2	2916235	2917554	ae017e
2	1706035	1707919	2	2938495	2939978	ae017e
2	1709963	1719438	2	2963811	2974983	ae017e
2	1726669	1729713	2	2977891	2980813	ae017e
2	15078270	15082015	2	3019776	3023484	ae017e
2	15058492	15059611	2	3024930	3026455	ae017e
2	15056376	15057173	2	3048687	3049720	ae017e
1	6333354	6337889	2	3050982	3059241	ae017e
2	15032156	15040543	2	3050982	3059241	ae017e
2	14993412	14995218	2	3087934	3090001	ae017e
2	14942729	14944300	2	3120396	3122417	ae017e
2	14946623	14948412	2	3120396	3122417	ae017e
2	14942729	14944300	2	3137955	3139976	ae017e
2	14946623	14948412	2	3137955	3139976	ae017e
2	14819190	14824956	2	3186516	3192330	ae017e
2	14831626	14834265	2	3199333	3201783	ae017e
2	14839950	14844466	2	3202375	3207229	ae017e
2	14849778	14857267	2	3210610	3218208	ae017e
2	14909365	14913040	2	3230121	3234578	ae017e
1	96236088	96237463	2	3237388	3238400	ae017e
1	96240051	96241297	2	3237388	3238400	ae017e
1	96243885	96245260	2	3237388	3238400	ae017e
2	14929961	14931052	2	3237388	3238400	ae017e
2	14813060	14814361	2	3264339	3265684	ae017e
2	14762500	14766857	2	3284734	3289416	ae017e
2	14755583	14761786	2	3291313	3296993	ae017e
2	14750934	14751554	2	3303658	3304651	238443
2	14741516	14744446	2	3309802	3312283	238443
2	14703140	14711088	2	3312635	3317867	238443
2	14721414	14727903	2	3330336	3337174	238443
2	14721414	14727903	2	3348256	3355140	238443
2	14703140	14711088	2	3423689	3432273	238443
2	14699629	14701745	2	3433305	3434515	238443
1	7346522	7347124	2	3456153	3456761	238443
2	14622508	14631024	2	3456861	3464626	238443
1	7382600	7385660	2	3467643	3471888	238443
2	14570980	14575676	2	3467643	3471888	238443
1	7395420	7397319	2	3511344	3513302	238443
2	14557763	14560889	2	3511344	3513302	238443
2	14542973	14547406	2	3520217	3524818	238443
2	14540272	14542885	2	3524829	3527220	238443
2	14536125	14539080	2	3532197	3535305	238443
2	14534464	14536039	2	3535579	3536829	238443
2	14527152	14531908	2	3545764	3549551	238443
2	14516435	14522217	2	3553786	3560963	238443
2	14511953	14515637	2	3561119	3565239	238443
2	14462501	14498112	2	3567927	3602973	238443
2	14459292	14461382	2	3603214	3605590	238443
2	14456802	14457875	2	3606952	3608528	238443
2	14450587	14454187	2	3610330	3614227	238443
2	14423712	14431118	2	3636130	3645742	238443
1	7906421	7908724	2	3659335	3661890	238443
2	14368115	14370341	2	3659335	3661890	238443
2	14363009	14367344	2	3662260	3668029	238443
2	14354131	14360625	2	3668705	3675958	238443
1	8119498	8121575	2	3687492	3690104	238443
2	14349376	14351553	2	3687492	3690104	238443
2	14339238	14345920	2	3690634	3697987	238443
2	14306664	14310821	2	3733385	3737505	238443
2	14265973	14268041	2	3792634	3794712	238443
2	14236820	14248639	2	3803969	3817558	238443
2	14176764	14183435	2	3976327	3981904	238443
2	14170196	14172376	2	3987607	3991185	238443
2	14105044	14107624	2	4037520	4041478	238443
2	14060672	14068494	2	4060832	4071769	238443
2	14058720	14060294	2	4071904	4073647	238443
2	14049259	14057005	2	4075730	4085332	238443
1	9051053	9052349	2	4091441	4092341	238443
2	14041211	14041969	2	4091441	4092341	238443
2	14033116	14033957	2	4101330	4102508	238443
2	14021891	14024777	2	4113193	4116174	238443
2	14013740	14021297	2	4123231	4128597	238443
2	13999156	14003909	2	4131445	4135657	238443
2	10804835	10807027	2	4393465	4395921	ae017e
2	10808580	10812408	2	4397721	4402708	ae017e
2	10906846	10911109	2	4459096	4464417	ae017e
2	10952787	10959879	2	4503463	4510623	ae017e
2	10981923	10990663	2	4555521	4565443	ae017e
2	10991446	10992308	2	4565473	4566685	ae017e
1	82767869	82772390	2	4573870	4577673	ae017e
2	11014958	11018363	2	4573870	4577673	ae017e
2	11019577	11024343	2	4578133	4582102	ae017e
2	11068974	11074796	2	4583327	4589286	ae017e
2	11075031	11077587	2	4589377	4592336	ae017e
2	11083458	11086215	2	4616131	4618372	ae017e
2	11086322	11089257	2	4618675	4620791	ae017e
2	11103679	11105910	2	4618675	4620791	ae017e
2	11115394	11122104	2	4629157	4635902	ae017e
2	11137021	11139703	2	4647615	4650315	ae017e
2	11194370	11195503	2	4684396	4685609	ae017e
2	11207419	11209358	2	4688633	4691095	ae017e
2	11278674	11282961	2	4723312	4729245	ae017e
2	11307509	11310316	2	4745703	4748332	ae017e
2	11319298	11320640	2	4756368	4757817	ae017e
2	11323418	11323897	2	4761600	4762357	ae017e
2	11327441	11328819	2	4765862	4767493	ae017e
2	11350003	11354907	2	4795350	4799362	ae017e
2	11359133	11360686	2	4805685	4808218	ae017e
2	11389776	11396671	2	4811546	4817369	ae017e
2	11404258	11405982	2	4827632	4829760	ae017e
2	11410319	11412648	2	4827632	4829760	ae017e
2	11404258	11405982	2	4830564	4832710	ae017e
2	11410319	11412648	2	4830564	4832710	ae017e
2	11426876	11430889	2	4850806	4857228	ae017e
2	11459683	11466187	2	4867305	4873444	ae017e
2	11466573	11469750	2	4873525	4876301	ae017e
2	11470458	11471893	2	4877201	4878589	ae017e
2	11474857	11478120	2	4880408	4883513	ae017e
2	11485641	11496229	2	4901389	4908711	ae017e
2	11527168	11534714	2	4909954	4917306	ae017e
2	11535958	11538712	2	4917550	4920763	ae017e
2	11565898	11575859	2	4927506	4936046	ae017e
2	11577236	11589479	2	4936936	4947342	ae017e
2	11591089	11600257	2	4949391	4957311	ae017e
2	11602021	11610082	2	4957663	4964934	ae017e
2	11621314	11628104	2	5003033	5009845	ae017e
2	11691524	11697719	2	5010409	5013864	ae017e
2	11717162	11723933	2	5025152	5031642	ae017e
2	11724851	11727430	2	5031823	5033887	ae017e
2	11728674	11733870	2	5034650	5040221	ae017e
2	11747985	11756548	2	5041719	5047596	ae017e
2	11757287	11761561	2	5049669	5054051	ae017e
2	11767329	11771870	2	5067742	5072218	ae017e
2	11795564	11806461	2	5112823	5118666	ae017e
2	11819668	11822187	2	5124718	5127949	ae017e
2	11834658	11854909	2	5150176	5168400	ae017e
2	11857206	11866575	2	5217114	5225986	ae017e
2	11897239	11901555	2	5262089	5266866	ae017e
2	11902426	11911114	2	5267477	5275430	ae017e
2	11922780	11942225	2	5277669	5295105	ae017e
1	11203522	11204335	2	5294787	5295515	ae017e
2	11941806	11942524	2	5294787	5295515	ae017e
2	11943922	11946555	2	5295884	5298773	ae017e
2	11958049	11960286	2	5299305	5301794	ae017e
2	11963130	11969169	2	5302669	5309663	ae017e
2	11978031	11986845	2	5315088	5324382	ae017e
2	11987406	11991691	2	5346175	5349937	ae017e
2	11992353	11996486	2	5350328	5353892	ae017e
2	12009064	12024170	2	5354937	5365224	ae017e
2	12027074	12031444	2	5366442	5371393	ae017e
2	12031919	12035462	2	5371321	5374436	ae017e
2	12067609	12076140	2	5448516	5457378	ae017e
2	12159826	12162960	2	5467701	5471384	ae017e
2	12196921	12202168	2	5500959	5504637	ae017e
2	12202477	12205045	2	5505144	5507830	ae017e
2	12206101	12208558	2	5508439	5511558	ae017e
2	12246828	12251634	2	5514553	5520319	ae017e
2	12253187	12254903	2	5522316	5523226	ae017e
2	12273726	12289392	2	5530134	5545140	ae017e
2	12310787	12311521	2	5623636	5624691	ae017e
2	12314126	12320841	2	5628573	5633396	ae017e
2	12384662	12388898	2	5682506	5686125	ae017e
2	12449888	12452144	2	5803357	5805440	ae017e
2	12449888	12452144	2	5840494	5842564	ae017e
2	12458325	12461257	2	5853829	5856676	ae017e
2	12461442	12467916	2	5856279	5862337	ae017e
2	12470465	12470710	2	5865021	5865460	ae017e
2	12478429	12480334	2	5870522	5872867	ae017e
2	12478121	12484000	2	5873077	5876538	ae017e
2	12503485	12510359	2	5900360	5907282	ae017e
2	12540997	12546626	2	5908691	5914319	238443
2	12549040	12561882	2	5915167	5928898	238443
2	12562307	12566361	2	5929080	5933409	238443
2	12571465	12579215	2	5937997	5944280	238443
2	12617226	12623832	2	5950363	5954849	238443
1	12722614	12725289	2	5954081	5959320	238443
2	12634548	12635607	2	5961752	5963316	238443
2	12639483	12639845	2	5966259	5966905	238443
2	12644816	12647547	2	5968758	5972568	238443
2	12663905	12666568	2	5989001	5990818	238443
2	12680945	12686924	2	6010795	6016939	238443
2	12690997	12694630	2	6018207	6022057	238443
2	12702994	12704962	2	6028882	6031069	238443
2	12720713	12721672	2	6040902	6042444	238443
2	12722459	12725442	2	6042819	6045464	238443
2	12779335	12784002	2	6055664	6059399	238443
2	12785366	12787536	2	6060046	6062297	238443
2	12834253	12836287	2	6083278	6085425	238443
2	12903839	12905608	2	6083278	6085425	238443
2	12909784	12912148	2	6102194	6104288	238443
2	12912650	12914712	2	6104522	6107182	238443
2	12915935	12919660	2	6107217	6111213	238443
2	12953498	12957665	2	6170458	6173691	238443
2	12972430	12977413	2	6285370	6289493	238443
2	13080150	13085456	2	6285370	6289493	238443
2	12972430	12977413	2	6337808	6342280	238443
2	13080150	13085456	2	6337808	6342280	238443
2	13091084	13094798	2	6349648	6352733	238443
2	13116316	13121430	2	6369124	6374652	238443
2	13133727	13138015	2	6388196	6390690	238443
2	13164597	13169122	2	6405275	6409899	238443
2	13211307	13215248	2	6424619	6428742	238443
2	13218892	13222156	2	6431173	6436807	238443
2	13228288	13230394	2	6441493	6443697	238443
2	13252070	13262138	2	6448027	6458026	238443
2	13264369	13269160	2	6459260	6463984	238443
2	13278898	13282444	2	6478997	6481891	238443
2	40216474	40218213	2	6478997	6481891	238443
2	13283030	13318070	2	6482445	6505134	238443
2	13331886	13335526	2	6509062	6512587	238443
2	13340163	13344429	2	6513690	6518320	238443
2	13344720	13349337	2	6518698	6522864	238443
2	13354925	13355679	2	6526533	6527486	238443
2	13408513	13414856	2	6590533	6596590	238443
2	13445788	13459771	2	6600333	6614481	238443
2	13460589	13464491	2	6614727	6618168	238443
2	13472545	13479424	2	6623302	6629918	238443
2	13481730	13485584	2	6630839	6635758	238443
2	13490867	13495630	2	6636877	6640939	238443
2	13502012	13510862	2	6648181	6657013	238443
2	13514117	13524084	2	6661210	6668067	238443
2	13536885	13546449	2	6716487	6725973	238443
2	13551611	13557396	2	6730568	6736299	238443
2	13558152	13561420	2	6736436	6740467	238443
2	13577420	13578097	2	6776904	6777524	238443
2	13598412	13607621	2	6822292	6831220	238443
2	13608455	13612106	2	6831717	6835952	238443
2	13651528	13668124	2	6858136	6877637	238443
2	13686543	13689121	2	6882667	6886011	238443
2	13697740	13704328	2	6892436	6897671	238443
2	13705124	13710356	2	6898173	6903121	238443
2	13730107	13733340	2	6918007	6921828	238443
1	14456660	14460100	2	6932256	6935888	238443
2	13766976	13774653	2	6940953	6948762	238443
2	13775058	13779018	2	6948834	6952597	238443
2	13779948	13785980	2	6953397	6957298	238443
2	13808017	13814030	2	6974022	6979686	238443
2	13814627	13816355	2	6979848	6981761	238443
2	13817185	13817667	2	6983106	6984040	238443
2	13821434	13823618	2	6988018	6990504	238443
2	13827295	13831677	2	6991634	6995553	238443
1	14672452	14673698	2	7000796	7001548	238443
2	13872096	13872803	2	7000796	7001548	238443
2	13873003	13884020	2	7001791	7012967	238443
2	13894996	13896605	2	7070721	7072087	238443
2	13901691	13907211	2	7072864	7078185	238443
2	13911424	13914296	2	7081342	7084434	238443
2	13945287	13949919	2	7114812	7118683	238443
2	10781847	10786475	2	7519140	7524547	ae017e
2	10771593	10776465	2	7527103	7532128	ae017e
2	10769256	10770496	2	7532980	7534563	ae017e
2	10765574	10768003	2	7535320	7538104	ae017e
2	10751195	10753157	2	7557143	7559207	ae017e
2	10751195	10753157	2	7645712	7647872	ae017e
2	10720386	10723669	2	7711422	7714699	ae017e
2	10713176	10717581	2	7716130	7720544	ae017e
2	10673126	10677557	2	7720898	7728096	ae017e
2	10627632	10629667	2	7767453	7769704	ae017e
2	10623094	10627561	2	7769549	7774715	ae017e
2	10617259	10617702	2	7778208	7778647	ae017e
2	10578317	10583439	2	7780575	7785717	ae017e
2	10570731	10573935	2	7787050	7789966	ae017e
2	10551466	10553249	2	7822893	7825497	ae017e
2	10540013	10544915	2	7825603	7831332	ae017e
2	10488875	10491828	2	7846191	7850887	ae017e
2	10475189	10477201	2	7865422	7868353	ae017e
2	10454279	10455100	2	7904211	7905478	ae017e
2	10434505	10439203	2	7913147	7918195	ae017e
2	10340395	10343592	2	7928843	7932195	ae017e
2	10340395	10343592	2	7957868	7960918	ae017e
2	10278494	10279902	2	7984393	7985703	ae017e
2	10274870	10276090	2	7987394	7989440	ae017e
2	10267941	10268546	2	7992276	7993204	ae017e
2	10224711	10225367	2	8017456	8018284	ae017e
2	10216876	10222859	2	8019552	8025157	ae017e
2	10172783	10173794	2	8067844	8068825	ae017e
2	10142952	10147884	2	8094073	8099049	ae017e
2	10135486	10140585	2	8107061	8111740	ae017e
2	10090624	10095118	2	8115483	8121001	ae017e
2	10086019	10089800	2	8122172	8126127	ae017e
2	10081210	10085241	2	8146559	8148905	ae017e
2	10056338	10065079	2	8176860	8185099	ae017e
2	10039169	10041316	2	8185415	8187404	ae017e
2	10030292	10037631	2	8188111	8197593	ae017e
2	9936105	9947232	2	8210730	8220103	ae017e
2	9933804	9934622	2	8221432	8222583	ae017e
2	9914525	9916006	2	8233231	8235125	ae017e
2	9912375	9913625	2	8235452	8237165	ae017e
2	9895041	9909670	2	8238365	8246284	ae017e
2	9842930	9844919	2	8250526	8252833	ae017e
2	9799503	9800195	2	8337877	8338645	ae017e
2	9799503	9800195	2	8367457	8368528	ae017e
2	9792709	9797810	2	8369590	8375832	ae017e
1	16791197	16792096	2	8377487	8379127	fc8d62
2	9788243	9789940	2	8377487	8379127	fc8d62
2	9774440	9778414	2	8476139	8479347	ae017e
2	9671183	9674389	2	8558769	8561767	ae017e
2	9654278	9668107	2	8565562	8576401	ae017e
2	9644332	9650043	2	8602605	8609277	ae017e
2	9639714	9643834	2	8610061	8613216	ae017e
2	9602789	9612108	2	8652123	8662359	ae017e
2	16781389	16783329	2	8673111	8675661	fc8d62
2	9542581	9553560	2	8722152	8728225	ae017e
2	9512852	9527639	2	8734845	8749532	ae017e
2	9496733	9512227	2	8750600	8766226	fc8d62
2	9457521	9460514	2	8768744	8771822	fc8d62
2	9453930	9454574	2	8773126	8774079	fc8d62
2	9453930	9454574	2	8786565	8787639	fc8d62
2	9433137	9433769	2	8809408	8810144	ae017e
2	9415205	9415837	2	8831418	8832216	ae017e
2	9307818	9314404	2	8838609	8843601	ae017e
2	9280199	9281110	2	8869570	8870454	ae017e
2	9248686	9250701	2	8916469	8918921	ae017e
2	9232064	9238458	2	8925125	8932334	ae017e
2	9168768	9172329	2	9047371	9050948	ae017e
2	9152622	9157860	2	9050945	9055838	ae017e
2	9158843	9163217	2	9050945	9055838	ae017e
2	9152622	9157860	2	9056299	9061395	ae017e
2	9158843	9163217	2	9056299	9061395	ae017e
2	9102501	9105588	2	9117474	9123044	ae017e
2	9089690	9096841	2	9123589	9129345	ae017e
2	9077071	9078367	2	9131620	9132606	ae017e
2	9059396	9064297	2	9136947	9141205	ae017e
2	9036848	9044848	2	9147055	9154635	ae017e
2	9034531	9035064	2	9225246	9225829	ae017e
2	9028105	9028749	2	9249684	9250325	ae017e
2	9024549	9025505	2	9252560	9254131	ae017e
1	18455440	18460385	2	9255917	9259880	ae017e
2	9017401	9022898	2	9255917	9259880	ae017e
2	9015120	9016469	2	9260092	9261967	ae017e
2	9006111	9010640	2	9267893	9271692	ae017e
2	9002452	9005322	2	9272021	9274688	ae017e
2	8977491	8978311	2	9307632	9308829	ae017e
2	8967958	8969476	2	9311287	9312484	ae017e
2	8887379	8891174	2	9347782	9353009	ae017e
2	8824535	8827931	2	9413670	9416676	ae017e
2	8807668	8815360	2	9423714	9431466	ae017e
2	8800772	8806118	2	9432016	9437363	ae017e
2	8794664	8798887	2	9459481	9463981	ae017e
2	8790230	8793800	2	9464161	9468895	ae017e
2	8775926	8783856	2	9471414	9478795	ae017e
2	8772632	8774176	2	9479374	9481822	ae017e
2	8763840	8764406	2	9497398	9498396	ae017e
2	8753984	8759429	2	9545871	9550824	ae017e
2	8750101	8751351	2	9552524	9554227	ae017e
2	8748912	8749812	2	9554792	9556046	ae017e
2	8718602	8722229	2	9561946	9566114	ae017e
2	8715552	8717894	2	9566485	9569160	ae017e
2	8640924	8643407	2	9603689	9606469	ae017e
2	8592522	8595863	2	9613210	9618753	ae017e
2	8582231	8589643	2	9621144	9630852	ae017e
2	8554465	8556595	2	9666103	9668320	ae017e
2	8544740	8547291	2	9674445	9677002	ae017e
2	8543292	8544275	2	9677674	9678694	ae017e
2	8535148	8536657	2	9683433	9684542	ae017e
2	8476345	8478613	2	9697971	9701109	ae017e
2	8472141	8475434	2	9702193	9706123	ae017e
2	8437244	8437702	2	9735933	9736824	ae017e
2	8434122	8434820	2	9738802	9739930	ae017e
2	8416449	8423020	2	9750235	9758291	ae017e
2	8389079	8389465	2	9774166	9774821	ae017e
2	8379543	8382651	2	9795922	9799694	ae017e
2	8360868	8363329	2	9837163	9839699	ae017e
2	8357910	8359388	2	9840786	9842380	ae017e
2	8318602	8320047	2	10005306	10006839	ae017e
2	8318602	8320047	2	10010791	10012557	ae017e
2	8298544	8300010	2	10106889	10108485	ae017e
2	8242796	8244256	2	10170320	10171933	ae017e
2	8254774	8256240	2	10170320	10171933	ae017e
2	8242796	8244256	2	10208809	10210284	ae017e
2	8254774	8256240	2	10208809	10210284	ae017e
2	8234058	8238596	2	10213375	10217848	ae017e
2	8223436	8228346	2	10221006	10225732	ae017e
2	8118039	8118524	2	10323995	10324696	ae017e
2	8098350	8109982	2	10328828	10341068	ae017e
2	8097287	8098090	2	10340993	10342132	ae017e
2	8081438	8095514	2	10343670	10355020	ae017e
2	8044383	8049892	2	10399658	10404718	ae017e
2	8041335	8042646	2	10407172	10408649	ae017e
2	8013237	8015929	2	10426555	10429682	ae017e
2	8001280	8002431	2	10442399	10443886	ae017e
2	7968658	7971823	2	10445302	10448177	ae017e
2	7945338	7947507	2	10456562	10458241	ae017e
2	7937852	7945288	2	10458870	10466380	ae017e
2	7874879	7876633	2	10480521	10482284	ae017e
2	7815096	7818419	2	10625070	10628536	ae017e
2	7795578	7804426	2	10636285	10643646	ae017e
1	90150910	90153107	2	10645202	10648005	ae017e
2	7791332	7793372	2	10648892	10650831	ae017e
2	7785957	7789649	2	10651720	10657515	ae017e
2	7758342	7765815	2	10699967	10707629	ae017e
2	7749622	7756641	2	10711642	10719481	ae017e
2	7742488	7748940	2	10719717	10726765	ae017e
2	7699157	7701180	2	10834662	10836913	ae017e
2	7672782	7676344	2	10863826	10866505	ae017e
2	7590754	7593456	2	10882751	10885954	ae017e
2	7578900	7582235	2	10892335	10896305	ae017e
2	7523406	7524398	2	10916276	10917659	ae017e
2	7497782	7503113	2	10919443	10924565	ae017e
2	7419148	7425943	2	10933450	10938711	ae017e
2	7402946	7406754	2	10952844	10956525	ae017e
2	7389725	7392089	2	10975111	10977820	ae017e
2	7387250	7387882	2	10988671	10989733	ae017e
2	7382836	7386577	2	10989793	10994278	ae017e
1	16183114	16188271	2	10994641	11000077	ae017e
2	7368224	7378702	2	11002785	11012954	ae017e
2	7316587	7324453	2	11039234	11047185	ae017e
2	7251983	7252963	2	11072274	11073834	ae017e
2	7245264	7251060	2	11074090	11080794	ae017e
1	21759877	21760967	2	11243457	11244921	ae017e
2	7097959	7104752	2	11363881	11369889	ae017e
2	7090160	7097199	2	11370362	11379327	ae017e
2	7005494	7012400	2	11436384	11443027	ae017e
2	7002943	7005254	2	11459437	11462028	ae017e
1	21982123	21983450	2	11462642	11464349	ae017e
2	6979531	6980799	2	11492439	11494477	ae017e
2	6969079	6976155	2	11496975	11503149	ae017e
2	6954104	6959349	2	11576994	11583040	ae017e
2	6949020	6949879	2	11585197	11585939	ae017e
2	6883118	6891175	2	11671579	11680644	ae017e
2	6838591	6848011	2	11700413	11709633	ae017e
2	6832200	6834386	2	11710488	11712410	ae017e
2	6826398	6828489	2	11716843	11719402	ae017e
2	6791401	6795173	2	11846480	11850709	ae017e
2	6764957	6769861	2	11867313	11872517	ae017e
2	6758854	6764165	2	11873021	11877554	ae017e
2	6737711	6741736	2	11904501	11908407	ae017e
2	6731771	6735888	2	11909996	11912218	ae017e
2	6669233	6673139	2	11985843	11989797	ae017e
2	6395475	6400061	2	12341383	12345353	ae017e
2	6393952	6394879	2	12346557	12347583	ae017e
1	65525892	65529994	2	12507973	12512061	0570b0
2	6313398	6316879	2	12507973	12512061	0570b0
2	6321454	6324934	2	12507973	12512061	0570b0
2	6329510	6332990	2	12507973	12512061	0570b0
2	6337565	6341046	2	12507973	12512061	0570b0
2	6218889	6223844	2	12681454	12686618	ae017e
1	24746471	24750053	2	12687127	12691915	ae017e
2	6192066	6195451	2	12687127	12691915	ae017e
2	6198099	6203786	2	12687127	12691915	ae017e
1	25033035	25033567	2	12697664	12698648	ae017e
1	24746471	24750053	2	12772425	12774549	ae017e
2	6192066	6195451	2	12772425	12774549	ae017e
2	6189813	6191741	2	12776679	12778918	ae017e
2	6182400	6183822	2	12812422	12814011	ae017e
2	6175434	6177888	2	12815003	12817663	ae017e
2	6066009	6072166	2	12832610	12837416	ae017e
2	6064262	6064705	2	12838429	12839094	ae017e
2	6035278	6036694	2	12863443	12865678	ae017e
2	6011846	6018150	2	12903335	12909534	ae017e
2	5971335	5982968	2	12968898	12978193	ae017e
2	5952330	5965300	2	12980785	12994464	ae017e
2	5932166	5934090	2	13062930	13065861	ae017e
2	5904493	5906282	2	13089549	13092981	ae017e
2	5890484	5898635	2	13099180	13104127	ae017e
2	5872066	5874536	2	13119969	13122705	ae017e
2	5863492	5870548	2	13137242	13143102	ae017e
2	5836812	5838484	2	13245483	13247286	ae017e
2	5745403	5752340	2	13338894	13343377	ae017e
2	5731732	5734717	2	13347201	13350980	ae017e
2	5724729	5730202	2	13353088	13358301	ae017e
2	5716283	5716741	2	13362904	13363621	ae017e
1	26501000	26502838	2	13404635	13407134	ae017e
2	5681378	5683772	2	13404635	13407134	ae017e
2	5678296	5680906	2	13411547	13416745	ae017e
2	5276082	5280198	2	13445161	13449205	ae017e
2	5289498	5291210	2	13454369	13456237	ae017e
2	5303475	5304792	2	13464300	13466040	ae017e
2	5312295	5316811	2	13466290	13470608	ae017e
2	5318869	5321649	2	13471528	13474559	ae017e
1	26786975	26789302	2	13484566	13487344	ae017e
2	5334236	5337816	2	13484566	13487344	ae017e
2	5356521	5359787	2	13495398	13499563	ae017e
2	5378136	5382745	2	13519930	13524989	ae017e
2	5383014	5387124	2	13524548	13528879	ae017e
2	5406387	5407912	2	13593099	13594974	ae017e
1	26839590	26841689	2	13621350	13622783	ae017e
2	5442221	5444155	2	13621350	13622783	ae017e
1	27008065	27010540	2	13633212	13636524	ae017e
2	5457594	5460695	2	13633212	13636524	ae017e
2	5535167	5543875	2	13673503	13682589	ae017e
2	5563927	5565214	2	13699777	13701460	ae017e
2	5608336	5609980	2	13887876	13890173	ae017e
2	5625964	5628399	2	13920641	13923795	ae017e
2	5632460	5636859	2	13981594	13987040	ae017e
2	5150115	5154113	2	14040862	14045019	ae017e
2	5117656	5123208	2	14121780	14127084	ae017e
1	28236320	28236882	2	14180719	14181613	ae017e
2	5106387	5107307	2	14180719	14181613	ae017e
2	5063531	5064397	2	14325580	14326557	ae017e
2	5083376	5084359	2	14325580	14326557	ae017e
2	5006293	5009268	2	14378738	14382705	ae017e
2	4986854	4990101	2	14403414	14406441	ae017e
2	4971550	4975217	2	14410598	14414262	ae017e
2	4968419	4971355	2	14414215	14416817	ae017e
2	4955235	4960168	2	14439523	14445132	ae017e
2	4947721	4954745	2	14445544	14451811	ae017e
2	4942139	4946656	2	14459712	14462057	ae017e
2	4940974	4944242	2	14462124	14465706	ae017e
2	4926506	4928447	2	14484271	14486848	ae017e
2	4883749	4889518	2	14507223	14512493	ae017e
2	4873301	4875582	2	14569497	14572716	ae017e
2	4818935	4822202	2	14642940	14646154	ae017e
2	4815064	4818822	2	14645895	14650403	ae017e
2	4782071	4783469	2	14664865	14666740	ae017e
2	4767882	4769737	2	14746314	14748297	ae017e
2	4759754	4761713	2	14768503	14770993	ae017e
2	4743193	4747050	2	14772047	14774903	ae017e
2	4720653	4721526	2	14835095	14836568	ae017e
1	29706498	29708075	2	14875262	14877656	ae017e
2	4662080	4668821	2	14912400	14917921	ae017e
2	4635654	4639829	2	14926557	14930638	ae017e
2	4630273	4630782	2	14933074	14933565	ae017e
2	4621785	4626809	2	14935027	14940436	ae017e
2	4615425	4620867	2	14940993	14946711	ae017e
2	4605929	4609128	2	14961276	14965276	ae017e
2	4585879	4592375	2	14993526	14997515	ae017e
2	4567961	4569022	2	15062926	15064440	ae017e
2	4545794	4553024	2	15113052	15119501	ae017e
2	4541539	4543601	2	15121167	15124066	ae017e
2	4526617	4538031	2	15160632	15169627	ae017e
1	30603175	30605761	2	15173148	15178191	ae017e
2	4517510	4524917	2	15173148	15178191	ae017e
2	4503807	4508810	2	15180907	15185490	ae017e
2	4497177	4498213	2	15190744	15191757	ae017e
2	4493281	4495457	2	15192713	15196687	ae017e
2	4447467	4458854	2	15287856	15298860	ae017e
2	4442701	4443582	2	15330520	15331837	ae017e
2	4413426	4416067	2	15375243	15377443	ae017e
2	4409457	4411996	2	15377963	15381015	ae017e
2	4407759	4408232	2	15381820	15382579	ae017e
2	4397801	4400463	2	15383842	15386758	ae017e
2	4391376	4393112	2	15439006	15441975	ae017e
2	4372768	4376876	2	15485629	15491363	ae017e
2	4369046	4371041	2	15496164	15499022	ae017e
2	4345906	4351566	2	15548394	15552390	ae017e
2	4316362	4322631	2	15590219	15595827	ae017e
2	4199310	4206846	2	15674991	15683928	ae017e
2	4140215	4143791	2	15735623	15739495	ae017e
2	4094576	4100616	2	16235020	16240270	ae017e
2	4085033	4091083	2	16247901	16253750	ae017e
2	4081819	4084684	2	16254005	16256698	ae017e
2	4062283	4073521	2	16263354	16274517	ae017e
2	4055818	4061467	2	16275354	16280189	ae017e
2	4042013	4046415	2	16445568	16453605	ae017e
2	4035088	4036125	2	16518655	16520291	ae017e
2	4018470	4023446	2	16530511	16535065	ae017e
2	3992621	3993916	2	16567978	16569818	ae017e
2	3960942	3963411	2	16647360	16650408	ae017e
2	3925563	3932034	2	16670246	16676232	ae017e
2	3871584	3873605	2	16739860	16742354	ae017e
2	3858839	3859936	2	16776458	16778256	ae017e
2	3846883	3848109	2	16834086	16836290	ae017e
2	3820232	3822023	2	16863114	16864035	ae017e
2	3812079	3816369	2	16951878	16958404	ae017e
2	3796476	3799550	2	16961132	16964942	ae017e
2	3773287	3779314	2	16965742	16971709	ae017e
2	3763993	3766673	2	17025693	17027958	ae017e
2	3757760	3762084	2	17031946	17036782	ae017e
2	3749484	3750389	2	17043951	17045301	ae017e
2	3711367	3713979	2	17174672	17177945	ae017e
2	3621573	3627104	2	17288193	17293370	ae017e
2	3598553	3601374	2	17301887	17303460	ae017e
2	3589613	3594647	2	17304228	17310128	ae017e
2	3582305	3585013	2	17333014	17337412	0570b0
2	3529086	3538680	2	17352066	17361390	0570b0
2	3576487	3579556	2	17361265	17364084	0570b0
2	3529086	3538680	2	17390900	17397734	0570b0
2	3515128	3522351	2	17438081	17443815	0570b0
2	3508421	3512026	2	17444689	17448950	0570b0
1	34844549	34846273	2	17449712	17450975	0570b0
2	3469804	3475585	2	17464503	17472516	0570b0
2	3462142	3464409	2	17492036	17494771	0570b0
2	3435944	3438274	2	17511970	17514509	0570b0
2	3413524	3419671	2	17574559	17581396	0570b0
1	35163604	35165868	2	17582490	17584379	0570b0
2	3409021	3411674	2	17582490	17584379	0570b0
2	3405597	3408444	2	17584609	17588199	0570b0
2	3401548	3402159	2	17719486	17720608	0570b0
2	3392956	3394074	2	17803872	17805680	0570b0
2	3382828	3384800	2	17821207	17824830	0570b0
2	3348646	3353303	2	17846996	17852289	0570b0
2	3345390	3347559	2	17852604	17854352	0570b0
2	3333715	3334620	2	17857788	17859145	0570b0
2	3327418	3329136	2	17862909	17865294	0570b0
2	3310724	3315667	2	17917430	17922108	0570b0
1	37519705	37521798	2	18110414	18111753	0570b0
2	3288101	3289767	2	18110414	18111753	0570b0
2	3272364	3287425	2	18112626	18123891	0570b0
2	3257294	3260657	2	18183828	18186608	0570b0
2	3250542	3256501	2	18188329	18193917	0570b0
2	3237649	3243830	2	18264297	18269031	0570b0
2	3228257	3232064	2	18277892	18281747	0570b0
2	3223648	3225751	2	18282685	18285006	0570b0
2	3218095	3221779	2	18317341	18321656	0570b0
2	3208262	3209536	2	18362743	18364464	0570b0
2	3193082	3197036	2	18379176	18383135	0570b0
2	3180933	3181532	2	18394930	18395487	0570b0
2	3171669	3176348	2	18407253	18412358	0570b0
2	3137869	3143472	2	18673567	18677724	0570b0
2	3037069	3039737	2	18845598	18848281	0570b0
2	3025742	3031226	2	18883442	18887357	0570b0
2	3019662	3022540	2	18889782	18892452	0570b0
2	3007184	3010267	2	18913759	18916603	0570b0
1	39549215	39563016	2	18918502	18931840	0570b0
2	2993605	3005623	2	18918502	18931840	0570b0
2	2964941	2965837	2	18965202	18966336	0570b0
2	2961124	2963289	2	18966854	18968841	0570b0
2	2958286	2961858	2	18967496	18971661	0570b0
2	2925829	2937082	2	18987069	18999252	0570b0
2	2912226	2914818	2	19005747	19008384	0570b0
2	2898040	2903246	2	19014811	19018615	0570b0
2	2880745	2882304	2	19095135	19096939	0570b0
2	2868918	2874289	2	19102419	19108058	0570b0
2	2809397	2812993	2	19218066	19222208	0570b0
2	2782939	2786845	2	19280953	19287336	0570b0
2	2777953	2781809	2	19287608	19292475	0570b0
2	2745459	2750726	2	19350472	19357746	0570b0
2	2739191	2744049	2	19359006	19367880	0570b0
2	2710113	2715657	2	19392781	19397841	0570b0
2	2693961	2700269	2	19451353	19456618	0570b0
2	2686817	2691980	2	19457535	19461296	0570b0
2	2676235	2680283	2	19479399	19483068	0570b0
2	2611762	2618415	2	19763005	19768119	0570b0
2	2608356	2610345	2	19768288	19771105	0570b0
2	2595269	2603862	2	19785460	19792318	0570b0
2	2591708	2592322	2	19860648	19861683	0570b0
2	2582992	2587365	2	19879216	19883027	0570b0
2	2578303	2580875	2	19885129	19887993	0570b0
1	41418068	41419220	2	19890948	19893175	0570b0
2	2574192	2576862	2	19890948	19893175	0570b0
2	2544027	2572626	2	19894965	19922982	0570b0
2	16629922	16631083	2	20072347	20073577	0570b0
2	16376810	16381385	2	20408665	20412786	0570b0
2	16355285	16360409	2	20609626	20612553	0570b0
2	16349754	16354681	2	20615585	20620976	0570b0
2	16275851	16280898	2	20863797	20868647	0570b0
2	16324797	16333938	2	21005953	21010933	0570b0
2	16334317	16336012	2	21011203	21013114	0570b0
2	16239953	16245098	2	21027676	21032056	0570b0
2	16204010	16207501	2	21044919	21048768	0570b0
2	16195779	16198841	2	21050914	21054994	0570b0
2	16179822	16186558	2	21151868	21158177	0570b0
2	16172051	16178685	2	21159087	21163935	0570b0
2	16151420	16155319	2	21166205	21170984	0570b0
2	16148625	16150581	2	21171330	21174079	0570b0
2	16003997	16013810	2	21295714	21306678	0570b0
2	15912363	15916288	2	21357012	21361382	0570b0
1	44843991	44846725	2	21362652	21367882	0570b0
2	15889388	15898772	2	21362652	21367882	0570b0
2	15843274	15849173	2	21556618	21564434	0570b0
2	15832695	15839114	2	21565120	21574859	0570b0
2	15778885	15790485	2	21643242	21656156	0570b0
2	15723970	15732384	2	21727878	21737708	0570b0
2	15717963	15721581	2	21739117	21741763	0570b0
2	15717963	15721581	2	21742698	21749454	0570b0
2	15624377	15625417	2	22207542	22208978	0570b0
2	15609305	15613015	2	22213898	22217666	0570b0
2	15598737	15606114	2	22218835	22227025	0570b0
2	15559165	15564731	2	22449379	22455071	0570b0
2	15552722	15555701	2	22470228	22473215	0570b0
2	15550052	15551197	2	22474571	22476288	0570b0
2	15530146	15532011	2	22508284	22510517	0570b0
2	15485567	15490538	2	22661493	22666740	0570b0
2	15483516	15484830	2	22667026	22668380	0570b0
2	15440438	15452027	2	22681327	22692463	0570b0
2	15425546	15433886	2	22757441	22768073	0570b0
2	15310571	15322248	2	22808885	22821402	0570b0
2	15293969	15307251	2	22823941	22830799	0570b0
2	15143692	15146418	2	23088957	23092504	0570b0
2	78103876	78106177	2	23088957	23092504	0570b0
1	47691077	47692033	2	23174166	23174914	0570b0
1	48084144	48087216	2	23434004	23437563	0570b0
2	1766810	1769453	2	23531152	23534645	0570b0
2	1815485	1818022	2	23596402	23599284	0570b0
2	1832479	1834931	2	23701334	23703062	0570b0
2	1843775	1847242	2	23795762	23799984	0570b0
2	1858857	1866370	2	24071334	24077966	0570b0
2	1867295	1868186	2	24078694	24079548	0570b0
2	1871318	1874498	2	24082583	24085683	0570b0
2	1881529	1886163	2	24100591	24105897	0570b0
2	1898145	1899147	2	24209788	24211267	0570b0
2	1906477	1908467	2	24233099	24234727	0570b0
2	1909038	1915813	2	24235449	24240582	0570b0
2	1923339	1924873	2	24270331	24271974	0570b0
2	1926472	1929951	2	24272773	24277649	0570b0
2	1946738	1952535	2	24353544	24359452	0570b0
2	1965161	1968138	2	24376660	24379594	0570b0
2	1975882	1982065	2	24408985	24415459	0570b0
2	1992108	2006344	2	24663708	24680856	0570b0
2	2008068	2010256	2	24685388	24688218	0570b0
2	2012109	2018192	2	24689335	24694629	0570b0
2	2026343	2030934	2	24815946	24819846	0570b0
2	2031424	2041161	2	24819968	24830304	0570b0
2	2043742	2045619	2	24957213	24959478	0570b0
2	2047356	2049076	2	25011041	25012780	0570b0
1	50880686	50883510	2	25321100	25322699	0570b0
2	2091516	2093612	2	25322855	25325351	0570b0
2	2142256	2149518	2	25834385	25840987	0570b0
2	2149669	2156586	2	25841496	25848753	0570b0
2	2164861	2171144	2	25925793	25931682	0570b0
2	2175412	2179724	2	25953195	25957330	0570b0
2	2242746	2250576	2	26360230	26371461	0570b0
2	2257688	2259141	2	26397647	26399440	0570b0
2	2271137	2274814	2	26446626	26449798	0570b0
2	2277449	2282433	2	26453930	26459575	0570b0
2	2284089	2288205	2	26464994	26468629	0570b0
2	2332879	2346287	2	27030048	27042614	0570b0
2	2356102	2372591	2	27144035	27157975	0570b0
1	53042736	53044319	2	27189092	27190947	0570b0
2	2412128	2417301	2	27194352	27199185	0570b0
2	2435151	2442286	2	27284845	27289986	0570b0
2	2458864	2462558	2	27362998	27366178	0570b0
2	2463692	2469441	2	27367259	27372836	0570b0
2	2470214	2471640	2	27373630	27375307	0570b0
2	2474696	2480777	2	27446306	27451895	0570b0
2	2492161	2497475	2	27452254	27458140	0570b0
2	2499940	2506132	2	27529098	27535217	0570b0
2	2509182	2519036	2	27535890	27544488	0570b0
2	2520295	2523056	2	27544911	27547432	0570b0
2	2531632	2538523	2	27551373	27558610	0570b0
2	16651236	16655504	2	27673294	27678568	0570b0
2	16674943	16679170	2	27683297	27690787	0570b0
2	16679711	16685719	2	27691036	27698705	0570b0
2	16735006	16754560	2	27703061	27716574	0570b0
2	17179049	17180077	2	28516021	28517421	0570b0
2	17181267	17183962	2	28518492	28521718	0570b0
2	17221064	17231306	2	28621050	28629013	0570b0
2	17256925	17261128	2	29046712	29052715	0570b0
2	17270732	17272256	2	29055496	29057775	0570b0
2	17297143	17305867	2	29250634	29259804	0570b0
2	17310299	17313921	2	29408836	29411576	0570b0
2	17315322	17321372	2	29417916	29425560	0570b0
2	17349411	17354578	2	29501868	29508530	0570b0
2	17414115	17421688	2	29796744	29803446	0570b0
2	17422669	17425661	2	29806337	29811510	0570b0
2	17517814	17519766	2	29862006	29864184	0570b0
2	17521544	17523669	2	29864491	29867326	0570b0
2	17614154	17619545	2	29878494	29883525	0570b0
2	17695457	17700573	2	29884762	29888775	0570b0
2	69854546	69859921	2	29890189	29896123	0570b0
2	17679209	17684147	2	30066452	30071462	0570b0
2	81884621	81888658	2	30075151	30078607	0570b0
2	17726204	17728831	2	30079852	30083209	0570b0
2	17775631	17778368	2	30125493	30129009	0570b0
2	17838795	17839502	2	30158897	30159935	0570b0
2	17876096	17878555	2	30161930	30164873	0570b0
2	17890761	17895646	2	30369031	30375395	0570b0
2	18020361	18022790	2	30533182	30535669	0570b0
2	18360021	18365658	2	31153623	31159974	0570b0
2	18377949	18382338	2	31164267	31167511	0570b0
2	18415264	18434117	2	31409762	31426258	0570b0
2	18464547	18467827	2	31475908	31479482	0570b0
2	18468232	18469868	2	31479556	31482181	0570b0
2	20867166	20874077	2	31599886	31606225	0570b0
2	20929318	20935161	2	31614548	31621508	0570b0
2	20955439	20959629	2	31699311	31702884	0570b0
2	20813869	20816787	2	31704587	31706926	0570b0
2	20785288	20787105	2	31851049	31853455	0570b0
2	20314081	20314620	2	31881450	31882102	0570b0
2	20378660	20388766	2	32302048	32313656	0570b0
2	20499651	20503810	2	32397961	32406034	0570b0
2	20524994	20527728	2	32473223	32476460	0570b0
2	20598796	20600294	2	32851329	32852407	0570b0
1	42265917	42272686	2	32983594	32988777	0570b0
1	42236585	42238720	2	33000933	33003814	0570b0
1	40882684	40884059	2	33263146	33265861	0570b0
1	41462807	41469046	2	33469104	33474858	0570b0
1	42123342	42127795	2	33709244	33713457	0570b0
1	38556168	38556746	2	34649078	34650185	0570b0
1	54610555	54622377	2	34842176	34853619	0570b0
1	60014069	60016794	2	35206528	35209310	0570b0
1	54371089	54377701	2	35399667	35405552	0570b0
2	579757	587923	2	35544514	35549316	ae017e
1	54223431	54232913	2	35582845	35592667	0570b0
1	54297490	54307975	2	36004929	36013728	0570b0
1	54186420	54188977	2	36781023	36783120	0570b0
2	78045823	78048078	2	36904070	36907441	fc8d62
1	61695685	61697015	2	36923808	36924515	fc8d62
1	61697130	61698502	2	36923808	36924515	fc8d62
1	54057626	54062649	2	37153248	37160316	0570b0
1	53816504	53819690	2	37552947	37556143	0570b0
1	54026016	54027413	2	37746264	37747677	0570b0
1	52964220	52968995	2	37985089	37987554	0570b0
1	62657606	62661386	2	37985089	37987554	0570b0
1	53013371	53022658	2	37988076	37994963	0570b0
1	53042736	53044319	2	38190468	38192454	0570b0
1	63163624	63165359	2	38422471	38425055	fc8d62
1	63173641	63175376	2	38422471	38425055	fc8d62
1	53527747	53535526	2	38526655	38536188	0570b0
1	53537568	53539167	2	38536384	38538329	0570b0
1	53612273	53612671	2	38663612	38664303	0570b0
1	53697908	53701193	2	38669471	38673231	0570b0
1	52888790	52894086	2	39149683	39155242	0570b0
1	49157166	49159838	2	39478799	39482106	0570b0
1	48814096	48816480	2	39497990	39499537	0570b0
1	48731711	48751806	2	39502699	39513363	0570b0
1	48336281	48338258	2	39629842	39632055	ae017e
2	21107562	21108307	2	40270694	40271985	0570b0
1	47691077	47692033	2	41277523	41278937	0570b0
1	48779479	48784845	2	42080368	42083440	0570b0
1	47188230	47190143	2	42796666	42799194	0570b0
1	48351923	48353457	2	43089974	43091711	0570b0
1	48425141	48428020	2	43398932	43401884	0570b0
1	47847776	47849249	2	43506562	43508496	0570b0
1	52749115	52756704	2	45379103	45386331	0570b0
1	77385657	77387227	2	54522816	54524522	fc8d62
1	89873946	89874579	2	69808452	69809180	fc8d62
2	83412468	83413695	2	69808452	69809180	fc8d62
1	90150910	90153107	2	70283024	70287282	ae017e
2	88033367	88035901	2	72969936	72973127	0570b0
1	93039900	93041092	2	74108415	74109079	ae017e
1	94041504	94043454	2	75576094	75578263	0570b0
1	94220751	94221810	2	75700452	75702205	0570b0
2	27158095	27162717	2	76111187	76114698	0570b0
1	94933334	94935692	2	76388537	76390684	0570b0
1	94957141	94957713	2	76467926	76468612	0570b0
1	95101445	95105025	2	76663235	76667218	0570b0
2	88686060	88691185	1	214320	218898	fc8d62
2	88680818	88685267	1	219460	224215	fc8d62
2	88677837	88680285	1	224663	227275	fc8d62
2	87241900	87247603	1	251527	255093	fc8d62
2	88656757	88661591	1	275982	280645	fc8d62
2	88652739	88656163	1	281192	284874	fc8d62
2	88633916	88645059	1	295339	304971	fc8d62
2	88529221	88534458	1	499030	506533	fc8d62
2	88519376	88520383	1	511118	512682	fc8d62
2	88493700	88518880	1	523900	538450	fc8d62
2	88473243	88490543	1	548528	568327	fc8d62
2	88471936	88473076	1	567187	568854	fc8d62
2	88467543	88468099	1	575196	576028	fc8d62
2	88457339	88465712	1	577317	587527	fc8d62
2	88446630	88449793	1	714045	718461	fc8d62
2	88431102	88437365	1	781918	790942	fc8d62
2	74232871	74238125	1	803644	809842	fc8d62
2	74240078	74247625	1	810592	818106	fc8d62
2	74254159	74264947	1	819322	830569	fc8d62
2	74304649	74307912	1	867637	870650	fc8d62
2	74308819	74321784	1	871044	882800	fc8d62
2	74332452	74342615	1	988771	999780	fc8d62
2	74423055	74429637	1	1002339	1010694	fc8d62
2	74439359	74446926	1	1015522	1023007	fc8d62
2	74517394	74522192	1	1085493	1091038	fc8d62
2	74585149	74588749	1	1100416	1103324	fc8d62
2	74595828	74601718	1	1104659	1110732	fc8d62
2	74602647	74609551	1	1110944	1116938	fc8d62
2	74649780	74652250	1	1130898	1134265	fc8d62
2	74653487	74656052	1	1134867	1138434	fc8d62
2	74658339	74663435	1	1139803	1146399	fc8d62
2	74692932	74696845	1	1152607	1156582	fc8d62
2	74697806	74719798	1	1156846	1177346	fc8d62
2	74725359	74731261	1	1181108	1185025	fc8d62
2	74732388	74740073	1	1185751	1195783	fc8d62
2	74754453	74761147	1	1197417	1204249	fc8d62
2	74896281	74899695	1	1483239	1487045	fc8d62
2	74903287	74906267	1	1494796	1499545	fc8d62
2	74915624	74916841	1	1783729	1785003	fc8d62
2	74924001	74925815	1	1809684	1811594	fc8d62
2	74940476	74947228	1	1815133	1820584	fc8d62
2	74949807	74952016	1	1822608	1824511	fc8d62
2	74952527	74953302	1	1825356	1826832	fc8d62
2	74961052	74967698	1	1827698	1834646	fc8d62
2	74970474	74971503	1	1836995	1838057	fc8d62
2	74972572	74976657	1	1839045	1842486	fc8d62
2	74976635	74979077	1	1842439	1845060	fc8d62
2	74981954	74986000	1	1845971	1852593	fc8d62
2	74995814	75005194	1	1902631	1912857	fc8d62
2	75005324	75016529	1	1914576	1922024	fc8d62
2	75026306	75028860	1	1924351	1927235	fc8d62
2	75091527	75095276	1	1941351	1944672	fc8d62
2	75097681	75107842	1	1954309	1963716	fc8d62
2	75110667	75112750	1	1967747	1970209	fc8d62
2	75117060	75121427	1	1970703	1975270	fc8d62
2	75122295	75123708	1	1981158	1982771	fc8d62
2	75122295	75123708	1	2004049	2006184	fc8d62
2	75152939	75156274	1	2008499	2011844	fc8d62
2	75156549	75158379	1	2011992	2014081	fc8d62
2	75160598	75164500	1	2015084	2020263	fc8d62
2	75167762	75169839	1	2021882	2025655	fc8d62
2	75179153	75180209	1	2030586	2031955	fc8d62
2	75224728	75228660	1	2060032	2064111	fc8d62
2	75232803	75234074	1	2087816	2088950	fc8d62
2	75248214	75248940	1	2090379	2091343	fc8d62
2	75255069	75259764	1	2092682	2098245	fc8d62
2	75260647	75262141	1	2098689	2100822	fc8d62
2	75303724	75305124	1	2101242	2102646	fc8d62
2	75361719	75364807	1	2152585	2156509	fc8d62
2	75403672	75405580	1	2257698	2259115	fc8d62
2	75403672	75405580	1	2259887	2261239	fc8d62
2	75412511	75416159	1	2266860	2271160	fc8d62
2	75418742	75420993	1	2274212	2276412	fc8d62
2	75431392	75433435	1	2288058	2291135	fc8d62
2	75435651	75440722	1	2291365	2295363	fc8d62
2	75486149	75503851	1	2300119	2317542	fc8d62
2	75504624	75506073	1	2318187	2320026	fc8d62
2	75507256	75509514	1	2323167	2325084	fc8d62
2	75509086	75513593	1	2325102	2329772	fc8d62
2	75518900	75532164	1	2331241	2342849	fc8d62
2	75541403	75547179	1	2349265	2357321	fc8d62
2	75548594	75551232	1	2357323	2360604	fc8d62
2	75623483	75627621	1	2380137	2386299	fc8d62
2	75633522	75637789	1	2410078	2415424	fc8d62
2	75644891	75651004	1	2422103	2433760	fc8d62
2	75660838	75663375	1	2436242	2439043	fc8d62
2	75666717	75669294	1	2450894	2454890	fc8d62
2	75713894	75719697	1	2455667	2460903	fc8d62
2	75740906	75743644	1	2698107	2701829	fc8d62
2	75751336	75766783	1	2704278	2713030	fc8d62
2	75777772	75785446	1	2718300	2725476	fc8d62
2	75805314	75812044	1	2733555	2740636	fc8d62
2	75863934	75868499	1	2766811	2771984	fc8d62
2	75961754	75965059	1	2778709	2781700	fc8d62
2	75965723	75968650	1	2782393	2785606	fc8d62
2	75969516	75971430	1	2788161	2790332	fc8d62
2	75987697	75994413	1	2794513	2799681	fc8d62
2	76001862	76013192	1	2801786	2812534	fc8d62
2	76013191	76016986	1	2812637	2817336	fc8d62
2	76120209	76124195	1	2889267	2894818	fc8d62
2	76129412	76133946	1	2895904	2902656	fc8d62
2	76168766	76172594	1	2908894	2912667	fc8d62
2	76173913	76179660	1	2913135	2918047	fc8d62
2	76182479	76187653	1	2919201	2923591	fc8d62
2	76191838	76194944	1	2926671	2930397	fc8d62
2	76197484	76216065	1	2931224	2950081	fc8d62
2	76215975	76219411	1	2951029	2954381	fc8d62
2	76220092	76222251	1	2954594	2956920	fc8d62
2	76222620	76225971	1	2956903	2959384	fc8d62
2	76253887	76256804	1	2965491	2968348	fc8d62
2	76276952	76279395	1	3002890	3005978	fc8d62
2	76311484	76313927	1	3002890	3005978	fc8d62
2	76318290	76322176	1	3021576	3026707	fc8d62
2	76323871	76325559	1	3027811	3029323	fc8d62
1	98233135	98234389	1	3029350	3031018	fc8d62
2	76325942	76327196	1	3029350	3031018	fc8d62
2	76331445	76333548	1	3033388	3035718	fc8d62
2	76336341	76338808	1	3036864	3039602	fc8d62
2	76375517	76381392	1	3039801	3045687	fc8d62
2	76387127	76388892	1	3048866	3050107	fc8d62
2	76388865	76392140	1	3050088	3053197	fc8d62
2	76413013	76413805	1	3079358	3080295	fc8d62
2	76420923	76425375	1	3198420	3201747	fc8d62
2	76426158	76427724	1	3201827	3204277	fc8d62
2	76426158	76427724	1	3210957	3211880	fc8d62
2	76433634	76435097	1	3214725	3216300	fc8d62
2	76458779	76460206	1	3369089	3370747	fc8d62
2	76461883	76471810	1	3373788	3383142	fc8d62
2	76473657	76476482	1	3383562	3386344	fc8d62
2	76476357	76480722	1	3386238	3389712	fc8d62
2	76505893	76510513	1	3395924	3401566	fc8d62
2	76522763	76527346	1	3402384	3405010	fc8d62
2	76529415	76530866	1	3406470	3409324	fc8d62
2	76648203	76652642	1	3456535	3462320	fc8d62
2	76666724	76668577	1	3483400	3486967	fc8d62
2	76712656	76719271	1	3838593	3844306	fc8d62
2	76733165	76735958	1	3894585	3899614	fc8d62
2	76750222	76754420	1	3903403	3908931	fc8d62
2	76803004	76805093	1	3926357	3929268	fc8d62
2	77131092	77132207	1	3938366	3940387	fc8d62
2	77132680	77144912	1	3941523	3947859	fc8d62
2	77145801	77150598	1	3954330	3959758	fc8d62
2	14317932	14320657	1	3970329	3975090	fc8d62
2	77191802	77195931	1	3970329	3975090	fc8d62
2	77220881	77227040	1	3991159	3996516	fc8d62
2	77386184	77391238	1	4252260	4259631	fc8d62
2	77319791	77323075	1	4381905	4385106	fc8d62
2	77370657	77374005	1	4381905	4385106	fc8d62
2	77319791	77323075	1	4453108	4456234	fc8d62
2	77370657	77374005	1	4453108	4456234	fc8d62
2	77531818	77540191	1	4642098	4647831	fc8d62
2	77518071	77521791	1	4662193	4667415	fc8d62
2	77704107	77710291	1	4695888	4700481	fc8d62
2	77710777	77716727	1	4701009	4707643	fc8d62
2	77719015	77721495	1	4710659	4712812	fc8d62
2	77721045	77729810	1	4712713	4720595	fc8d62
2	77753858	77760306	1	4902186	4908609	fc8d62
2	77889579	77890601	1	5583639	5585296	fc8d62
2	77904840	77905745	1	5622094	5623170	fc8d62
2	77994763	77997764	1	5925226	5929678	fc8d62
2	77954196	77956562	1	5930670	5933257	fc8d62
2	77909093	77915692	1	6057534	6064369	fc8d62
2	77904840	77905745	1	6074345	6075792	fc8d62
2	77902239	77903461	1	6076939	6078542	fc8d62
2	77896622	77901958	1	6078624	6085769	fc8d62
2	77998337	78002903	1	6115102	6119493	fc8d62
2	78009581	78018908	1	6139308	6146287	fc8d62
2	78043121	78045050	1	6167192	6169760	fc8d62
2	78045823	78048078	1	6170134	6172967	fc8d62
1	61695685	61697015	1	6174939	6177514	fc8d62
1	61697130	61698502	1	6174939	6177514	fc8d62
2	78045823	78048078	1	6174939	6177514	fc8d62
2	78053975	78055351	1	6181968	6183727	fc8d62
2	78057717	78065220	1	6184885	6193348	fc8d62
2	78077694	78083519	1	6212907	6216472	fc8d62
1	5774043	5777537	1	6217485	6220944	fc8d62
2	78087249	78089257	1	6217485	6220944	fc8d62
2	78090219	78092064	1	6221639	6223848	fc8d62
2	78098182	78100636	1	6225076	6228069	fc8d62
2	78124532	78128362	1	6768075	6771669	fc8d62
2	78456122	78460784	1	7114848	7118672	fc8d62
2	78555699	78562753	1	7133200	7140912	fc8d62
2	78571920	78577406	1	7143198	7149909	fc8d62
2	78580914	78584566	1	7153481	7157253	fc8d62
2	78591736	78603561	1	7160694	7173065	fc8d62
2	78605257	78607057	1	7173374	7175599	fc8d62
2	78664302	78668144	1	7178865	7185481	fc8d62
2	78683564	78688959	1	7194677	7200239	fc8d62
2	78689614	78691611	1	7200053	7202842	fc8d62
2	78693759	78695018	1	7205670	7207586	fc8d62
2	78696880	78700061	1	7208487	7211696	fc8d62
2	78790773	78795994	1	7308897	7314415	fc8d62
2	78799995	78804288	1	7315874	7320723	fc8d62
2	78804527	78805951	1	7321296	7323125	fc8d62
2	78807439	78809301	1	7323750	7325412	fc8d62
2	78822129	78826051	1	7341983	7346376	fc8d62
2	78855164	78856525	1	7397842	7399770	fc8d62
2	78867509	78872874	1	7419435	7425174	fc8d62
2	78892746	78894962	1	7641081	7644248	fc8d62
2	78944096	78946310	1	7641081	7644248	fc8d62
2	78987243	78989457	1	7641081	7644248	fc8d62
2	79017752	79019542	1	7641081	7644248	fc8d62
2	78892746	78894962	1	7646255	7647906	fc8d62
2	78944096	78946310	1	7646255	7647906	fc8d62
2	78987243	78989457	1	7646255	7647906	fc8d62
2	79017752	79019542	1	7646255	7647906	fc8d62
2	78892746	78894962	1	7674692	7676419	fc8d62
2	78944096	78946310	1	7674692	7676419	fc8d62
2	78987243	78989457	1	7674692	7676419	fc8d62
2	79017752	79019542	1	7674692	7676419	fc8d62
2	79022186	79026237	1	7680302	7685192	fc8d62
2	79027032	79028165	1	7685554	7687022	fc8d62
2	79043470	79049441	1	7697887	7703652	fc8d62
2	79066541	79070384	1	7716991	7721094	fc8d62
2	79087167	79093834	1	7800049	7804700	fc8d62
2	79137061	79140896	1	7812409	7815588	fc8d62
2	10253911	10255415	1	7969771	7970738	ae017e
2	79170573	79182036	1	8669608	8681200	fc8d62
2	79182431	79184115	1	8681835	8683425	fc8d62
2	79185800	79190460	1	8684761	8689527	fc8d62
2	79248048	79251910	1	8723485	8730125	fc8d62
2	79248048	79251910	1	8867310	8869997	fc8d62
2	79413286	79418942	1	8877072	8882359	fc8d62
2	79474204	79478442	1	8914563	8919074	fc8d62
2	79488822	79496070	1	8930479	8937600	fc8d62
2	79498443	79503045	1	8938818	8942649	fc8d62
2	79508603	79515127	1	8968107	8974806	fc8d62
2	79523663	79528204	1	8975104	8980593	fc8d62
2	79547023	79552065	1	8986314	8992687	fc8d62
2	79547023	79552065	1	8994289	9001088	fc8d62
2	79676518	79680213	1	9023763	9028923	fc8d62
2	79681061	79683961	1	9030050	9033023	fc8d62
2	88278570	88281557	1	9030050	9033023	fc8d62
2	79709803	79715135	1	9147434	9152980	fc8d62
2	79709803	79715135	1	9154187	9159377	fc8d62
2	79717299	79722016	1	9228355	9234608	fc8d62
2	79726679	79733572	1	9235939	9246134	fc8d62
2	79734629	79735300	1	9246449	9247462	fc8d62
2	79736586	79743036	1	9248802	9255466	fc8d62
2	79758203	79762621	1	9256379	9260894	fc8d62
2	79768380	79776968	1	9262636	9274142	fc8d62
2	79777304	79783349	1	9274156	9279823	fc8d62
2	79796048	79800366	1	9282707	9286404	fc8d62
2	79836581	79837879	1	9295791	9297240	fc8d62
2	79850476	79852723	1	9497823	9500010	fc8d62
2	79850476	79852723	1	9587195	9589399	fc8d62
2	79894964	79898924	1	9599101	9601974	fc8d62
2	79938853	79941510	1	9599101	9601974	fc8d62
2	79993473	79997729	1	9599101	9601974	fc8d62
2	79894964	79898924	1	9609638	9611747	fc8d62
2	79938853	79941510	1	9609638	9611747	fc8d62
2	79865428	79871096	1	9660469	9663672	fc8d62
2	79899085	79901472	1	9660469	9663672	fc8d62
2	79911034	79914994	1	9660469	9663672	fc8d62
2	79865428	79871096	1	9717686	9722997	fc8d62
2	79911034	79914994	1	9717686	9722997	fc8d62
2	80041711	80044996	1	9774417	9780745	fc8d62
2	80045771	80048547	1	9781802	9784812	fc8d62
2	80085066	80089301	1	10063688	10068086	fc8d62
2	80129122	80139399	1	10090765	10101210	fc8d62
2	80153700	80155602	1	10186898	10189689	fc8d62
2	80158541	80162831	1	10190319	10194271	fc8d62
2	80175405	80177415	1	10221792	10224483	fc8d62
2	80177892	80179609	1	10224410	10226354	fc8d62
2	80183001	80186883	1	10229469	10232889	fc8d62
2	80192174	80200412	1	10301539	10305852	fc8d62
2	80202770	80215165	1	10307040	10319962	fc8d62
2	80215611	80219605	1	10319875	10322186	fc8d62
2	80223062	80225858	1	10323841	10327434	fc8d62
2	80239287	80245730	1	10486908	10491210	fc8d62
2	80313162	80323171	1	10535478	10544911	fc8d62
2	80324636	80329009	1	10545909	10549794	fc8d62
2	80385519	80388560	1	10793885	10797573	fc8d62
2	80389549	80393053	1	10797950	10802526	fc8d62
2	80385519	80388560	1	10803505	10806828	fc8d62
2	80389549	80393053	1	10807029	10811011	fc8d62
2	80395384	80403263	1	10813740	10821680	fc8d62
2	80415501	80420361	1	10825379	10830036	fc8d62
2	80423242	80428246	1	10834089	10838725	fc8d62
2	80428603	80432679	1	10838968	10843251	fc8d62
2	80434962	80439373	1	10844612	10849345	fc8d62
2	80440850	80448651	1	10881220	10890032	fc8d62
2	80449925	80454171	1	10891745	10894785	fc8d62
2	80457860	80465617	1	10895966	10903297	fc8d62
1	89713908	89717595	1	10983109	10987823	fc8d62
2	80518580	80523043	1	10983109	10987823	fc8d62
2	80580048	80583636	1	11029001	11032269	fc8d62
2	80587065	80594700	1	11035364	11042287	fc8d62
2	80602566	80615469	1	11052890	11066278	fc8d62
2	80625740	80631572	1	11083954	11089427	fc8d62
2	80635895	80639142	1	11091781	11095259	fc8d62
2	80640975	80648155	1	11097294	11103825	fc8d62
2	80649709	80650723	1	11207579	11209147	fc8d62
2	80651800	80660885	1	11210440	11217565	fc8d62
2	80691811	80697302	1	11248165	11256464	fc8d62
2	80706457	80707481	1	11257619	11258503	fc8d62
2	80709704	80711646	1	11260628	11261758	fc8d62
2	80716446	80716898	1	11263432	11264262	fc8d62
2	80718482	80728022	1	11265422	11275006	fc8d62
2	80728476	80732790	1	11278372	11283172	fc8d62
2	80734468	80744622	1	11283727	11296650	fc8d62
2	80769516	80775549	1	11497001	11503618	fc8d62
2	80815429	80820309	1	11523162	11526367	fc8d62
2	80908584	80912616	1	11743943	11747398	fc8d62
2	80915729	80916367	1	11753871	11754776	fc8d62
2	80920904	80926458	1	11760917	11766627	fc8d62
2	80995854	81001001	1	11787132	11792364	fc8d62
2	81007363	81008052	1	11881515	11882859	fc8d62
2	81011669	81017127	1	11884640	11892002	fc8d62
2	81024476	81032918	1	11896546	11905484	fc8d62
2	81047241	81047687	1	11936936	11937821	fc8d62
2	81101785	81102801	1	11944824	11946146	fc8d62
2	81105867	81113445	1	11949632	11956806	fc8d62
2	81123825	81125051	1	11961575	11963439	fc8d62
2	81125732	81129711	1	11963705	11969412	fc8d62
2	81138175	81141450	1	11974801	11980166	fc8d62
2	81142936	81148719	1	11981059	11987079	fc8d62
2	81150133	81154897	1	12004529	12008964	fc8d62
2	81196739	81197539	1	12031502	12032883	fc8d62
2	81283943	81285578	1	12112952	12115448	fc8d62
2	81289529	81291714	1	12123436	12126292	fc8d62
2	81292077	81294078	1	12126264	12128544	fc8d62
2	81294805	81296779	1	12128766	12132592	fc8d62
2	81321069	81324791	1	12172174	12175120	fc8d62
2	81357683	81364517	1	12232006	12238754	fc8d62
2	81384829	81386510	1	12285478	12286947	fc8d62
2	81404604	81411731	1	12400483	12410314	fc8d62
2	81412760	81415388	1	12411086	12414441	fc8d62
2	81415483	81421731	1	12414249	12421078	fc8d62
2	81425167	81429330	1	12438645	12442147	fc8d62
2	81486287	81492982	1	12752811	12757118	fc8d62
2	81534376	81537368	1	12777252	12780735	fc8d62
2	81584032	81586903	1	12825832	12828842	fc8d62
2	81597052	81602480	1	12830342	12836172	fc8d62
2	81604100	81613961	1	12838531	12849252	fc8d62
2	82002264	82004236	1	12868518	12870706	fc8d62
2	82018089	82020012	1	12868518	12870706	fc8d62
2	82002264	82004236	1	12888903	12891125	fc8d62
2	82018089	82020012	1	12888903	12891125	fc8d62
2	81696745	81700974	1	13379968	13384589	fc8d62
2	81701560	81704061	1	13388089	13390349	fc8d62
2	81760830	81763119	1	13448121	13451020	fc8d62
2	81863512	81870266	1	13491792	13498293	fc8d62
2	81873723	81877315	1	13499527	13503419	fc8d62
2	81925814	81931693	1	13564439	13570674	fc8d62
2	81988020	81992056	1	13571743	13576967	fc8d62
2	64915475	64927498	1	18120299	18129046	0570b0
2	64933370	64942885	1	18218317	18227885	0570b0
1	61378097	61382723	1	18228210	18233618	0570b0
2	64994497	64999598	1	18251050	18256994	0570b0
2	65000089	65003021	1	18267758	18270293	0570b0
1	61408437	61413595	1	18542974	18548699	0570b0
2	65078664	65085689	1	18551845	18559671	0570b0
2	65411149	65413738	1	18627067	18630338	0570b0
2	65450434	65456469	1	18636439	18642779	0570b0
2	65695578	65697987	1	18724422	18727395	0570b0
2	65702712	65705053	1	18727837	18730454	0570b0
2	65805703	65809788	1	18727837	18730454	0570b0
2	65737894	65742028	1	18731767	18736036	0570b0
2	65702712	65705053	1	18753667	18757634	0570b0
2	65805703	65809788	1	18753667	18757634	0570b0
2	66181944	66189961	1	19168390	19179824	0570b0
2	66181944	66189961	1	19248735	19258127	0570b0
2	66181944	66189961	1	19298929	19308199	0570b0
2	66190860	66195996	1	19309126	19315474	0570b0
2	66211474	66216989	1	19319978	19327776	0570b0
2	66418107	66424148	1	19480981	19486924	0570b0
2	66482793	66490020	1	19489612	19496490	0570b0
2	66490944	66498308	1	19497880	19505649	0570b0
2	66674107	66680241	1	19564206	19570563	0570b0
2	66685661	66688300	1	19572121	19575707	0570b0
2	66691227	66696645	1	19576399	19581963	0570b0
2	66721097	66722878	1	19589808	19591988	0570b0
2	66723096	66724706	1	19592031	19593600	0570b0
2	66747905	66749272	1	19595172	19596677	0570b0
2	66752245	66754077	1	19598547	19600327	0570b0
2	66754388	66760964	1	19600366	19606100	0570b0
2	66804244	66811211	1	19890985	19898742	0570b0
2	66900632	66905235	1	19915521	19919855	0570b0
2	67041668	67054886	1	19936538	19946923	0570b0
2	67342355	67347843	1	21871705	21877202	0570b0
2	67374767	67378847	1	22428549	22433670	0570b0
2	2483399	2491059	1	22716195	22727374	0570b0
2	68465374	68468500	1	22752211	22757181	0570b0
2	68472022	68473881	1	22758907	22761298	0570b0
2	68476586	68477828	1	22763317	22764667	0570b0
2	68504509	68507348	1	22765184	22767317	0570b0
2	68517517	68520459	1	22780940	22784942	0570b0
2	68525154	68531183	1	22893349	22899052	0570b0
2	68532644	68534107	1	22899548	22901324	0570b0
2	81984058	81985434	1	22899548	22901324	0570b0
2	68534589	68537364	1	22938205	22941497	0570b0
2	68778764	68782894	1	23344689	23349480	0570b0
2	68797140	68800446	1	23384321	23387530	0570b0
2	68850877	68857779	1	23398591	23405623	0570b0
2	68921887	68927986	1	23449801	23456080	0570b0
2	68968007	68969998	1	23676719	23680410	0570b0
2	68997872	69005667	1	23682829	23691244	0570b0
2	69054470	69058753	1	23821656	23826726	0570b0
2	69066605	69079947	1	23827567	23840607	0570b0
2	69125074	69125926	1	23928754	23929635	0570b0
2	69126551	69128992	1	23929657	23932508	0570b0
2	69182028	69183392	1	23978082	23979737	0570b0
2	69204668	69208212	1	23996589	24000460	0570b0
2	69435616	69438373	1	24136986	24140904	0570b0
2	69539771	69543872	1	24418192	24424014	0570b0
2	69610143	69620060	1	25095487	25107775	0570b0
2	69635224	69641068	1	25109786	25115841	0570b0
2	69749811	69755465	1	25176407	25182619	0570b0
2	69840870	69842159	1	25186389	25187836	0570b0
2	69865567	69866181	1	25195339	25195941	0570b0
2	69887661	69911948	1	25223399	25242314	0570b0
2	69959100	69960272	1	25243327	25244536	0570b0
2	69960586	69966011	1	25244384	25251863	0570b0
2	69992136	69999222	1	25273302	25283256	0570b0
2	69999410	70000810	1	25283614	25285163	0570b0
2	70163942	70166100	1	25534543	25538245	0570b0
2	70193405	70196509	1	25621396	25625280	0570b0
2	70510099	70516871	1	25736584	25744606	0570b0
2	70705365	70714997	1	25779541	25785353	0570b0
2	70899654	70904346	1	26054513	26059233	0570b0
2	70963691	70964041	1	26262047	26262397	0570b0
2	71121048	71125781	1	26286893	26291960	0570b0
2	71141442	71157309	1	26325277	26334121	0570b0
2	71370329	71386308	1	26656107	26668618	0570b0
2	71446000	71451082	1	26701007	26705848	0570b0
2	71473864	71490853	1	26851126	26869342	0570b0
2	71500892	71503779	1	26871325	26876003	0570b0
1	96789860	96797650	1	27092480	27104405	0570b0
2	83197934	83206547	1	27092480	27104405	0570b0
2	72121697	72125560	1	27337635	27341449	0570b0
2	72170975	72176320	1	27344147	27350011	0570b0
2	72170975	72176320	1	27352092	27355954	0570b0
2	72217216	72220643	1	27433569	27436018	0570b0
2	72239261	72239902	1	27444079	27445044	0570b0
2	72281489	72287390	1	27587634	27593935	0570b0
2	72317462	72319600	1	28194321	28197218	0570b0
2	72859490	72863860	1	28303951	28308588	0570b0
2	72761363	72765185	1	28356256	28360004	0570b0
2	72677669	72683255	1	29197534	29204402	0570b0
2	72706108	72709667	1	29205270	29208837	0570b0
2	72523852	72531761	1	29413922	29418299	0570b0
2	72474760	72481343	1	29568860	29575428	0570b0
1	49409313	49409819	1	53861569	53862566	0570b0
2	74053044	74055787	1	55197948	55199998	fc8d62
2	272963	274962	1	60271592	60273346	ae017e
2	276918	278293	1	60271592	60273346	ae017e
2	37829140	37835606	1	61099867	61103589	0570b0
2	39550085	39553681	1	61099867	61103589	0570b0
2	39711133	39716478	1	61099867	61103589	0570b0
2	9639714	9643834	1	65491727	65494015	ae017e
2	2317369	2321324	3	2554993	2558968	0570b0
2	2520295	2523056	3	2831173	2833888	0570b0
2	16807860	16812938	3	2959846	2965659	0570b0
2	17706461	17713442	3	4079494	4083131	0570b0
2	81884621	81888658	3	4079494	4083131	0570b0
2	14416392	14422351	3	4107165	4113446	238443
2	20955439	20959629	3	4678423	4686295	0570b0
2	8201787	8203558	3	4777113	4778323	ae017e
2	86555141	86556488	3	5096893	5098102	fc8d62
1	54371089	54377701	3	5711272	5716393	0570b0
1	52964220	52968995	3	5986968	5989989	0570b0
1	62657606	62661386	3	5986968	5989989	0570b0
1	93039900	93041092	3	6681011	6683014	ae017e
2	82490211	82495527	3	7555918	7559815	fc8d62
2	82519758	82525306	3	7555918	7559815	fc8d62
2	57586088	57588798	3	7620513	7624159	0570b0
2	57586088	57588798	3	7689678	7691628	0570b0
1	25033035	25033567	3	8464109	8465033	ae017e
1	25548820	25549300	3	9942684	9943061	ae017e
2	24461410	24464563	3	10907453	10909866	0570b0
2	87522245	87524008	3	10907453	10909866	0570b0
2	9036848	9044848	3	13848275	13855405	ae017e
2	8824535	8827931	3	13936249	13938907	ae017e
2	8527819	8528151	3	14432747	14433027	ae017e
2	87522245	87524008	3	19401382	19402701	0570b0
1	82767869	82772390	3	21318133	21322428	ae017e
2	11014958	11018363	3	21318133	21322428	ae017e
2	24461410	24464563	3	21436269	21438039	0570b0
2	87522245	87524008	3	21436269	21438039	0570b0
2	1365794	1372605	3	21558136	21562923	ae017e
2	37193363	37195766	3	31624455	31626942	0570b0
1	93944702	93954713	3	37265905	37271767	0570b0
1	8379634	8381079	3	59611169	59613253	238443
1	5774043	5777537	3	65351784	65355441	fc8d62
2	78087249	78089257	3	65351784	65355441	fc8d62
2	72953191	72959283	3	66931186	66937873	0570b0
2	72986997	72989665	3	66941583	66944762	0570b0
2	73186105	73187709	3	66957639	66959529	0570b0
2	73497150	73497800	3	68216352	68217495	0570b0
2	73499057	73500079	3	68218477	68219621	0570b0
2	73499057	73500079	3	68222342	68223425	0570b0
2	73499057	73500079	3	68249974	68250936	0570b0
2	73538255	73539592	3	68350217	68351760	0570b0
2	73556306	73561205	3	68352818	68358262	0570b0
2	73620233	73624606	3	68680335	68685078	0570b0
2	73684188	73688624	3	68764687	68768910	0570b0
2	73692764	73696130	3	68774542	68777150	0570b0
2	73721753	73727495	3	68787924	68794179	0570b0
2	73883446	73887568	3	69025227	69027327	0570b0
2	74039409	74048665	3	69055131	69060612	0570b0
2	74169041	74177119	3	69055131	69060612	0570b0
2	88421203	88425738	3	69432079	69437166	0570b0
2	88413497	88416859	3	69456626	69459906	0570b0
2	88347881	88353171	3	69490256	69495853	0570b0
2	88337344	88341364	3	69525980	69530128	0570b0
2	88333470	88334944	3	69534255	69535630	0570b0
2	88331052	88332442	3	69538927	69540334	0570b0
2	88323280	88329780	3	69545447	69550285	0570b0
2	88309599	88313734	3	69624354	69628593	0570b0
2	88295203	88309229	3	69628963	69642078	0570b0
2	88286448	88287662	3	69721900	69723474	0570b0
2	82002264	82004236	3	69792646	69794703	fc8d62
2	82018089	82020012	3	69792646	69794703	fc8d62
2	82002264	82004236	3	69855125	69857254	fc8d62
2	82018089	82020012	3	69855125	69857254	fc8d62
2	82002264	82004236	3	69866204	69868318	fc8d62
2	82018089	82020012	3	69866204	69868318	fc8d62
2	82021197	82029958	3	69869187	69876877	fc8d62
2	82061575	82061937	3	69917435	69917923	fc8d62
2	82089106	82091626	3	69929692	69931885	fc8d62
2	82093805	82098389	3	69932416	69937243	fc8d62
2	82100306	82112820	3	69941447	69951979	fc8d62
2	82117110	82125518	3	69958678	69969211	fc8d62
2	82142187	82145710	3	69983128	69985750	fc8d62
2	82146251	82149535	3	69986192	69989693	fc8d62
2	82178934	82179173	3	70011428	70011808	fc8d62
2	82199126	82199725	3	70028670	70029590	fc8d62
2	82282927	82284271	3	70028670	70029590	fc8d62
2	82302362	82302952	3	70028670	70029590	fc8d62
2	82282927	82284271	3	70032940	70034738	fc8d62
2	82208091	82208612	3	70037579	70038373	fc8d62
2	82292632	82293153	3	70037579	70038373	fc8d62
2	82312212	82312733	3	70037579	70038373	fc8d62
2	82334508	82340496	3	70053225	70056819	fc8d62
2	82409655	82417932	3	70103811	70110635	fc8d62
2	82418689	82423023	3	70132253	70136025	fc8d62
2	82533890	82535113	3	70833840	70835449	fc8d62
2	82735547	82740683	3	71195106	71200885	fc8d62
2	82766478	82773105	3	71215680	71222370	fc8d62
2	82776530	82785908	3	71273994	71282484	fc8d62
2	82797621	82800890	3	71379475	71382831	fc8d62
2	82809546	82817640	3	71385341	71391552	fc8d62
2	82825832	82830515	3	71597606	71602720	fc8d62
2	82850802	82856434	3	71603222	71608687	fc8d62
2	82865311	82870486	3	71609586	71614263	fc8d62
2	82871170	82873683	3	71614633	71618663	fc8d62
2	82894744	82900218	3	71708165	71711482	fc8d62
2	82894744	82900218	3	71938452	71942379	fc8d62
2	82960054	82968108	3	72150213	72158055	fc8d62
2	82969943	82978786	3	72163944	72170596	fc8d62
2	83004297	83006985	3	72252206	72254728	fc8d62
2	83004297	83006985	3	72416917	72420547	fc8d62
2	83059538	83063833	3	72601728	72606112	fc8d62
2	83119267	83124476	3	72882880	72887791	fc8d62
2	83186599	83192702	3	72882880	72887791	fc8d62
2	83124523	83128595	3	72887820	72892094	fc8d62
2	83129653	83130858	3	72892416	72893591	fc8d62
2	83131730	83132248	3	72894092	72894868	fc8d62
2	83160237	83166892	3	73242249	73248474	fc8d62
2	83172546	83173740	3	73255140	73256550	fc8d62
2	83176011	83182461	3	73257582	73263396	fc8d62
2	83119267	83124476	3	73264377	73270078	fc8d62
2	83186599	83192702	3	73264377	73270078	fc8d62
2	83210960	83232185	3	73298433	73317878	fc8d62
2	83263078	83276163	3	73477546	73487045	fc8d62
2	83284394	83288389	3	73591762	73597067	fc8d62
2	83296087	83300693	3	73591762	73597067	fc8d62
2	83312982	83315858	3	73591762	73597067	fc8d62
2	83338412	83342947	3	73591762	73597067	fc8d62
2	83284394	83288389	3	73637138	73642937	fc8d62
2	83296087	83300693	3	73637138	73642937	fc8d62
2	83338412	83342947	3	73637138	73642937	fc8d62
2	83373649	83378740	3	73880651	73886256	fc8d62
2	83391612	83396860	3	73903914	73907447	fc8d62
2	83398481	83404234	3	73907968	73914667	fc8d62
2	83412468	83413695	3	74009411	74010766	fc8d62
2	83435965	83440432	3	74819563	74823784	fc8d62
2	83446630	83455993	3	74831503	74840776	fc8d62
2	83458836	83461878	3	74844094	74846569	fc8d62
2	83462924	83464356	3	74847248	74848800	fc8d62
2	83464375	83469197	3	74848993	74853827	fc8d62
2	83474626	83476460	3	74867927	74871015	fc8d62
2	83478389	83480279	3	74871120	74873823	fc8d62
2	83480681	83489224	3	74874174	74882279	fc8d62
2	83618595	83619937	3	75251659	75253425	fc8d62
2	83594010	83595674	3	75255883	75258178	fc8d62
2	83618595	83619937	3	77358532	77360332	fc8d62
2	83626930	83633223	3	77360563	77364449	fc8d62
2	83626930	83633223	3	77397152	77401201	fc8d62
2	83652937	83665239	3	77412334	77424926	fc8d62
2	83666420	83670286	3	77425234	77429866	fc8d62
2	83676255	83679729	3	77449288	77453067	fc8d62
2	83685893	83690689	3	77461042	77467263	fc8d62
2	83706687	83709112	3	77478837	77481024	fc8d62
2	83718829	83724744	3	77488860	77495100	fc8d62
2	83762771	83763088	3	77506734	77507355	fc8d62
2	83767672	83768700	3	77506734	77507355	fc8d62
2	83810373	83810804	3	77506734	77507355	fc8d62
2	83933306	83949529	3	77679329	77693996	fc8d62
2	83958163	83960541	3	77836775	77839317	fc8d62
2	84051578	84053443	3	77948195	77949891	fc8d62
2	84082516	84085403	3	78045684	78048337	fc8d62
2	84099786	84105799	3	78066012	78072908	fc8d62
2	84107584	84110182	3	78086486	78090648	fc8d62
2	84204330	84208694	3	78115502	78118449	fc8d62
2	84210032	84218419	3	78118680	78128483	fc8d62
2	84224652	84235452	3	78172360	78178188	fc8d62
2	84237620	84242392	3	78185228	78190285	fc8d62
2	84243082	84244325	3	78190185	78191575	fc8d62
2	84245678	84247555	3	78190185	78191575	fc8d62
2	84252976	84261135	3	78309772	78317597	fc8d62
2	84337310	84342288	3	78381682	78386594	fc8d62
2	84342929	84344400	3	78386764	78388125	fc8d62
2	84348970	84363877	3	78399481	78410737	fc8d62
2	84417456	84425348	3	78502274	78507913	fc8d62
2	84426760	84427662	3	78508301	78509551	fc8d62
2	84440633	84445688	3	79427394	79432719	fc8d62
2	84531331	84536559	3	79468472	79474486	fc8d62
2	84537635	84538347	3	79475080	79476269	fc8d62
2	84551855	84555309	3	79484314	79487742	fc8d62
2	84607440	84609388	3	79662217	79664179	fc8d62
2	84620217	84625876	3	79671091	79675942	fc8d62
2	84633044	84638517	3	79723291	79729123	fc8d62
2	84639835	84640260	3	79731644	79732341	fc8d62
2	84639835	84640260	3	79732972	79733746	fc8d62
2	84685504	84687714	3	79734275	79736044	fc8d62
2	84689418	84692799	3	79740123	79743692	fc8d62
2	84712526	84717059	3	79744513	79748745	fc8d62
2	84721527	84733467	3	79756746	79768356	fc8d62
2	84740235	84742681	3	80294647	80296538	fc8d62
2	84742819	84749027	3	80296996	80302137	fc8d62
2	84750762	84753380	3	80303958	80306375	fc8d62
2	84753892	84756380	3	80306123	80309156	fc8d62
2	84769873	84774437	3	80319174	80324124	fc8d62
2	84777828	84778596	3	80325530	80326631	fc8d62
2	84802847	84808614	3	80402722	80408211	fc8d62
2	84837433	84853171	3	80522437	80540156	fc8d62
2	84855990	84861379	3	80710479	80714888	fc8d62
2	84855990	84861379	3	80729168	80734184	fc8d62
2	84870925	84875450	3	80734568	80738624	fc8d62
2	84876531	84880268	3	80739465	80742153	fc8d62
2	84898592	84904229	3	80745502	80752064	fc8d62
2	84905181	84911468	3	80752017	80757668	fc8d62
2	84916353	84922885	3	80758893	80765106	fc8d62
2	84933879	84939192	3	80794929	80800744	fc8d62
2	84957323	84961628	3	80852496	80859589	fc8d62
2	84962577	84964689	3	80878629	80880601	fc8d62
2	84972303	84972728	3	80955229	80956009	fc8d62
2	84973791	84975605	3	80975740	80977258	fc8d62
2	84980833	84982760	3	80990455	80991934	fc8d62
2	84973791	84975605	3	80993074	80995099	fc8d62
2	84980833	84982760	3	80995299	80996752	fc8d62
2	84985423	84987433	3	80997036	80998755	fc8d62
2	85001108	85003392	3	80997036	80998755	fc8d62
2	85078502	85083338	3	81114959	81124574	fc8d62
2	85099277	85112364	3	81228396	81242068	fc8d62
2	85128979	85138192	3	81357441	81365719	fc8d62
2	85140611	85147661	3	81435738	81444752	fc8d62
2	85149993	85157152	3	81455890	81462639	fc8d62
2	85170925	85185494	3	81565456	81578994	fc8d62
2	85186632	85188732	3	81579408	81581645	fc8d62
2	85195812	85203090	3	81588389	81595410	fc8d62
2	85220798	85226816	3	81662207	81667009	fc8d62
2	85306233	85312843	3	81742500	81750117	fc8d62
2	85325581	85331306	3	81832825	81836682	fc8d62
2	85336395	85340522	3	82652281	82656949	fc8d62
2	85356972	85361736	3	82662550	82668364	fc8d62
2	85368820	85373422	3	82691617	82696557	fc8d62
2	85380395	85381435	3	82725260	82726246	fc8d62
1	19325100	19329883	3	82821214	82825117	fc8d62
1	93168927	93173240	3	82821214	82825117	fc8d62
2	85415930	85418802	3	82830024	82833579	fc8d62
2	85469976	85480378	3	82884100	82893462	fc8d62
2	85483662	85491546	3	82895270	82904557	fc8d62
2	85483662	85491546	3	82910552	82919809	fc8d62
2	85520503	85527236	3	82940105	82949706	fc8d62
2	85552127	85557530	3	82940105	82949706	fc8d62
2	85520503	85527236	3	82974229	82979403	fc8d62
2	85535672	85540386	3	82974229	82979403	fc8d62
2	85552127	85557530	3	82974229	82979403	fc8d62
2	85520503	85527236	3	82993995	82999779	fc8d62
2	85535672	85540386	3	82993995	82999779	fc8d62
2	85552127	85557530	3	82993995	82999779	fc8d62
2	85564931	85568763	3	83008390	83012461	fc8d62
2	85569055	85571067	3	83037350	83041017	fc8d62
2	85587083	85590878	3	83234434	83240114	fc8d62
2	85592192	85604935	3	83243146	83254100	fc8d62
2	85604879	85610011	3	83253933	83259267	fc8d62
2	85619837	85625451	3	83281404	83287714	fc8d62
2	85790277	85794966	3	83658517	83663870	fc8d62
2	85800102	85805633	3	83669296	83675307	fc8d62
2	85808725	85810452	3	83677079	83679659	fc8d62
2	85812778	85813898	3	83681841	83683247	fc8d62
2	85816616	85817839	3	83747302	83748939	fc8d62
2	85861768	85862802	3	83747302	83748939	fc8d62
2	85869595	85871299	3	83845310	83846177	fc8d62
2	85869595	85871299	3	83863644	83865139	fc8d62
2	85869595	85871299	3	83928451	83930299	fc8d62
2	85869595	85871299	3	83991863	83992737	fc8d62
2	85896631	85899818	3	84099381	84103312	fc8d62
2	85930225	85936423	3	84138422	84145137	fc8d62
2	85936820	85942100	3	84145176	84150707	fc8d62
2	85946234	85950980	3	84162137	84168714	fc8d62
2	85952704	85953654	3	84169906	84171477	fc8d62
2	85977312	85980851	3	84282565	84287678	fc8d62
2	85983905	85985856	3	84290598	84294371	fc8d62
2	86012159	86016691	3	84296431	84301206	fc8d62
2	86023087	86023712	3	84325197	84325815	fc8d62
2	86039321	86041663	3	84344117	84346681	fc8d62
2	86103863	86111722	3	84533894	84544640	fc8d62
2	86131107	86137025	3	84533894	84544640	fc8d62
2	86103863	86111722	3	84596382	84601141	fc8d62
2	86131107	86137025	3	84596382	84601141	fc8d62
2	86103863	86111722	3	84619891	84624129	fc8d62
2	86131107	86137025	3	84619891	84624129	fc8d62
2	86091462	86092676	3	84625174	84627037	fc8d62
2	86167583	86170475	3	84625174	84627037	fc8d62
2	86091462	86092676	3	84633545	84635382	fc8d62
2	86167583	86170475	3	84633545	84635382	fc8d62
2	86175636	86179370	3	84639778	84644024	fc8d62
2	86191976	86193647	3	84663771	84665255	fc8d62
2	86196540	86198845	3	84709376	84711175	fc8d62
2	86205475	86209581	3	84712302	84716786	fc8d62
2	86221736	86227462	3	84744030	84753302	fc8d62
2	86103863	86111722	3	84763892	84767914	fc8d62
2	86131107	86137025	3	84763892	84767914	fc8d62
2	86279554	86289689	3	84848091	84854101	fc8d62
2	86290768	86293322	3	84855470	84858990	fc8d62
2	86304409	86312400	3	84882109	84889410	fc8d62
2	86313835	86324095	3	84898459	84908144	fc8d62
2	86313835	86324095	3	85000061	85012654	fc8d62
2	86480789	86482180	3	85637971	85639370	fc8d62
2	86494476	86497272	3	85730032	85732689	fc8d62
2	86502004	86508428	3	85775244	85782787	fc8d62
2	86514306	86516574	3	85798683	85801141	fc8d62
2	86517571	86520085	3	85801218	85804944	fc8d62
2	86525646	86528800	3	85811045	85813433	fc8d62
2	86557963	86565014	3	85862110	85868458	fc8d62
2	86568120	86572113	3	85879982	85882974	fc8d62
2	86589188	86590707	3	85888468	85890287	fc8d62
2	86592080	86594706	3	85890883	85893301	fc8d62
2	86596306	86601725	3	85894225	85899197	fc8d62
2	86606203	86608436	3	86062945	86066529	fc8d62
2	86612956	86616461	3	86067343	86070643	fc8d62
2	86636695	86642779	3	86081556	86089857	fc8d62
2	86653709	86659556	3	86101190	86109782	fc8d62
2	86665665	86668747	3	86116621	86118531	fc8d62
2	86729523	86734271	3	86257480	86260239	fc8d62
2	86736213	86745494	3	86260837	86266861	fc8d62
2	86764854	86770827	3	86287714	86292333	fc8d62
2	86772185	86782926	3	86337572	86348866	fc8d62
2	86797195	86800663	3	86355337	86360733	fc8d62
2	86803668	86807309	3	86361114	86365381	fc8d62
2	86819663	86830260	3	86409384	86421083	fc8d62
2	86830521	86831708	3	86445320	86446975	fc8d62
2	86839202	86840891	3	86453267	86455017	fc8d62
2	86843570	86848964	3	86457486	86461962	fc8d62
2	86892381	86895104	3	86585962	86588673	fc8d62
2	86925439	86928954	3	86649997	86652376	fc8d62
2	86930028	86936457	3	86652877	86658622	fc8d62
2	86944210	86948337	3	86691867	86694618	fc8d62
2	86956507	86959947	3	86714095	86717046	fc8d62
2	86981408	86983909	3	86779794	86784324	fc8d62
2	86985367	86988892	3	86787982	86791268	fc8d62
2	86991030	87004542	3	86908353	86922618	fc8d62
2	87004458	87008154	3	86922534	86925317	fc8d62
2	87018839	87020305	3	86972999	86974714	fc8d62
2	87024625	87026892	3	86977182	86979200	fc8d62
2	87039754	87045838	3	87313844	87317895	fc8d62
2	87046288	87050363	3	87317800	87321415	fc8d62
2	87054810	87059555	3	87334241	87338614	fc8d62
2	87061044	87066390	3	87340005	87346956	fc8d62
2	87067189	87072259	3	87386273	87391308	fc8d62
2	87077347	87078883	3	87394028	87395270	fc8d62
2	87105870	87109548	3	87427038	87430640	fc8d62
1	98425278	98426624	3	87435895	87438097	fc8d62
2	87124607	87126547	3	87467666	87469938	fc8d62
2	87127757	87140146	3	87470458	87480738	fc8d62
2	87165376	87171170	3	87491235	87495429	fc8d62
2	87175478	87176092	3	87506768	87507607	fc8d62
2	87183808	87186644	3	87588453	87591264	fc8d62
2	87209624	87213227	3	87685888	87689211	fc8d62
2	87214316	87214918	3	87689271	87690101	fc8d62
2	87250340	87256628	3	87708379	87715237	fc8d62
2	87259740	87262893	3	87718972	87722609	fc8d62
2	87266664	87269873	3	87768003	87771948	fc8d62
2	87269880	87270719	3	87771748	87773045	fc8d62
2	87279577	87283433	3	87898839	87902284	fc8d62
2	87292868	87297783	3	87909061	87913814	fc8d62
2	85648051	85648866	3	88144082	88145167	0570b0
2	85727767	85729242	3	88144082	88145167	0570b0
2	87475716	87476702	3	88144082	88145167	0570b0
2	87312871	87327334	3	88156846	88170274	0570b0
2	88704556	88709213	3	88178773	88182706	0570b0
2	87334652	87339813	3	88189386	88193571	0570b0
2	87343448	87349294	3	88198176	88203241	0570b0
2	87355473	87359701	3	88222386	88226457	0570b0
2	87364073	87369383	3	88228518	88232663	0570b0
2	87371523	87379634	3	88309808	88316563	0570b0
2	87380042	87383776	3	88318944	88322689	0570b0
2	87385110	87395849	3	88338093	88347496	0570b0
2	87397071	87411751	3	88338093	88347496	0570b0
2	87385110	87395849	3	88348378	88359877	0570b0
2	87397071	87411751	3	88348378	88359877	0570b0
2	87688031	87697167	3	88758652	88769882	0570b0
2	87680015	87685487	3	88771585	88777285	0570b0
2	87659223	87660685	3	88820609	88821861	0570b0
2	86583895	86585472	3	88919497	88921473	0570b0
2	87639207	87639743	3	88921705	88922473	0570b0
2	86583895	86585472	3	88945427	88947669	0570b0
2	87631682	87634896	3	88951999	88955754	0570b0
2	87614290	87617320	3	89001209	89004758	0570b0
2	87594110	87595826	3	89018940	89020983	0570b0
2	87586769	87591398	3	89050719	89054772	0570b0
2	87573042	87575344	3	89178064	89179337	0570b0
2	87545810	87547471	3	89194183	89196820	0570b0
2	24461410	24464563	3	89210860	89212938	0570b0
2	87522245	87524008	3	89210860	89212938	0570b0
2	87525262	87528686	3	89215311	89218932	0570b0
2	87529859	87530152	3	89219312	89219744	0570b0
2	24461410	24464563	3	89369446	89371073	0570b0
2	87522245	87524008	3	89369446	89371073	0570b0
2	87514316	87516250	3	89432886	89435574	0570b0
2	87796993	87805672	3	89562838	89568329	0570b0
2	87807229	87815387	3	89607641	89614032	0570b0
2	87816624	87823441	3	89615052	89621530	0570b0
2	87826397	87832128	3	89652613	89659770	0570b0
2	87874161	87879961	3	89843199	89847513	0570b0
2	87888580	87899502	3	89881904	89893740	0570b0
2	87900394	87903721	3	89894478	89897557	0570b0
2	87909399	87913182	3	89912378	89918206	0570b0
2	87917609	87920865	3	89921391	89926536	0570b0
2	87925638	87929479	3	89931307	89935565	0570b0
2	87938463	87939901	3	89942725	89944594	0570b0
2	87945012	87949789	3	89949354	89953498	0570b0
2	87951299	87954883	3	89959175	89963152	0570b0
2	87968543	87971410	3	89963913	89967012	0570b0
2	87976446	87982185	3	89998744	90004603	0570b0
2	87984435	87988521	3	90015376	90018933	0570b0
2	87992857	88000240	3	90022809	90030381	0570b0
2	88001674	88010438	3	90050169	90060952	0570b0
2	88020042	88023506	3	90156610	90160186	0570b0
2	88033367	88035901	3	90188114	90189886	0570b0
2	88045727	88053220	3	90206608	90214194	0570b0
2	88053805	88054405	3	90214575	90215510	0570b0
2	88059053	88061803	3	90227741	90229363	0570b0
2	88065209	88069156	3	90249760	90254670	0570b0
2	88182819	88184419	3	90275603	90276655	0570b0
2	88187358	88188806	3	90310478	90311638	0570b0
2	88194722	88201076	3	90312225	90318272	0570b0
2	88203062	88206699	3	90331258	90337569	0570b0
2	88211757	88216672	3	90365161	90370569	0570b0
2	88217340	88223080	3	90371077	90374916	0570b0
2	88226777	88229772	3	90400110	90404170	0570b0
2	88229585	88232076	3	90404183	90406303	0570b0
2	88236818	88237402	3	90412298	90412942	0570b0
2	88254206	88261511	3	90455276	90461961	0570b0
2	88265303	88269126	3	90463863	90466859	0570b0
2	88268519	88270122	3	90467895	90470242	0570b0
2	88274098	88276718	3	90482453	90485708	0570b0
1	96840579	96853843	4	29875	41289	fc8d62
1	96891347	96895147	4	51574	55563	fc8d62
1	96896566	96900584	4	56631	61449	fc8d62
1	96917682	96931461	4	105673	118227	fc8d62
1	96952728	96954329	4	157748	159980	fc8d62
1	96962959	96965791	4	171365	173787	fc8d62
1	96966518	96967429	4	173871	175018	fc8d62
1	96968365	96971924	4	174234	179727	fc8d62
1	96971955	96973167	4	179321	180586	fc8d62
2	22281684	22282577	4	179321	180586	fc8d62
1	96979758	96981053	4	186927	188662	fc8d62
2	16781389	16783329	4	1642177	1645845	fc8d62
1	99164330	99164809	4	4021487	4022082	ae017e
1	98881733	98884400	4	4378756	4381864	238443
1	99390361	99393512	4	4378756	4381864	238443
1	99474305	99480350	4	4656610	4666775	0570b0
1	82911989	82913380	4	5977686	5979670	ae017e
1	76707629	76711682	4	9723426	9728054	0570b0
1	7382600	7385660	4	16159607	16165057	238443
2	14570980	14575676	4	16159607	16165057	238443
1	95107272	95116964	4	18168922	18179251	0570b0
1	95101445	95105025	4	18185044	18188976	0570b0
1	95063443	95071177	4	18234968	18241850	0570b0
1	95018046	95021774	4	18532002	18535927	0570b0
1	95004776	95016562	4	18537617	18544415	0570b0
1	94957141	94957713	4	18585079	18586211	0570b0
1	94904524	94905123	4	18903016	18903939	0570b0
1	94866664	94876251	4	18975490	18987959	0570b0
1	94859921	94861321	4	19081802	19083211	0570b0
1	94846508	94853208	4	19092502	19100361	0570b0
1	94827088	94828937	4	19107539	19111164	0570b0
1	94816626	94817894	4	19112566	19114857	0570b0
1	94797705	94813725	4	19120909	19129506	0570b0
1	94818661	94822666	4	19131944	19137749	0570b0
1	94780367	94788372	4	19302706	19311805	0570b0
1	94722095	94734462	4	19542945	19555575	0570b0
1	94713894	94717758	4	19557463	19560156	0570b0
1	94703525	94710056	4	19743440	19750027	0570b0
1	94698255	94703382	4	19759065	19763941	0570b0
1	94654525	94658497	4	19987106	19990581	0570b0
1	94644405	94646360	4	19995301	19998357	0570b0
1	94627783	94632367	4	20140400	20145344	0570b0
1	94622740	94627650	4	20147939	20153626	0570b0
1	94608805	94612759	4	20168782	20174875	0570b0
1	94601626	94604491	4	20330482	20333319	0570b0
1	94577558	94580267	4	20622983	20626287	0570b0
1	94584887	94587894	4	20622983	20626287	0570b0
1	94584887	94587894	4	20627448	20633173	0570b0
1	94546473	94549441	4	20656749	20659926	0570b0
1	94409881	94425141	4	20951004	20966755	0570b0
1	94397923	94407330	4	20967879	20974433	0570b0
1	94331057	94337670	4	21136836	21143355	0570b0
1	94241630	94253791	4	21153612	21164808	0570b0
1	94228057	94228515	4	21798538	21799262	0570b0
1	94220751	94221810	4	21802170	21802908	0570b0
1	94210980	94215855	4	21820755	21827374	0570b0
1	94205595	94209786	4	21837594	21841437	0570b0
1	94193970	94197401	4	22016497	22021437	0570b0
1	94183849	94190004	4	22022686	22032497	0570b0
1	94177786	94180408	4	22038429	22041006	0570b0
1	94159269	94166106	4	22045173	22050455	0570b0
1	94119893	94122463	4	22174842	22178271	0570b0
1	94116691	94117250	4	22180275	22180882	0570b0
1	94065176	94085046	4	22205345	22224511	0570b0
1	94050298	94058477	4	22254699	22261343	0570b0
1	94041504	94043454	4	22264306	22266340	0570b0
1	94010066	94014091	4	22323626	22327518	0570b0
2	34570131	34579576	4	22396773	22403891	0570b0
2	34368031	34374851	4	22405376	22411282	0570b0
2	34241662	34263237	4	22414350	22430930	0570b0
2	34172696	34182040	4	22622738	22633205	0570b0
2	34166524	34170507	4	22637502	22642231	0570b0
2	34154871	34165637	4	22646559	22655936	0570b0
2	34107048	34110323	4	22681356	22685128	0570b0
2	33975330	33979848	4	22701810	22706496	0570b0
2	33836210	33847847	4	22794822	22811432	0570b0
2	33779624	33790568	4	22988514	23001759	0570b0
2	33569898	33579251	4	23041562	23051337	0570b0
2	33432917	33435536	4	23254287	23256842	0570b0
2	33413130	33413774	4	23260036	23260801	0570b0
2	33367609	33369877	4	23504374	23508011	0570b0
2	33293464	33294396	4	23857402	23858668	0570b0
2	33189220	33190152	4	24119139	24120319	0570b0
1	93851979	93859800	4	24367449	24372113	0570b0
1	93923433	93927564	4	24868026	24872457	0570b0
1	93929088	93934391	4	24873515	24880056	0570b0
1	93938219	93943367	4	25034402	25040322	0570b0
1	93944702	93954713	4	25138435	25147688	0570b0
1	93964655	93996966	4	25190500	25214197	0570b0
2	36767900	36777933	4	28932250	28937490	0570b0
2	36804342	36821034	4	29079394	29091760	0570b0
2	37170500	37178505	4	29115085	29123037	0570b0
2	37193363	37195766	4	29124257	29127437	0570b0
2	37198809	37202647	4	29238079	29243228	0570b0
2	37741964	37744196	4	29821495	29824069	0570b0
2	37745127	37747990	4	29824970	29827789	0570b0
2	38080734	38089606	4	29849179	29861543	0570b0
2	38129882	38131591	4	29960149	29963406	0570b0
2	38167697	38173043	4	29973408	29978762	0570b0
2	38455891	38463862	4	29984755	29991761	0570b0
2	38300426	38303077	4	29991400	29994042	0570b0
2	38463859	38466508	4	29991400	29994042	0570b0
2	38514674	38518495	4	30150348	30153933	0570b0
2	38514555	38518465	4	30150815	30154676	0570b0
2	38518808	38521565	4	30153935	30156618	0570b0
2	38654470	38657024	4	30230725	30233363	0570b0
2	38719142	38721034	4	30303821	30305707	0570b0
2	39439891	39447509	4	31581439	31589475	0570b0
2	39527932	39537390	4	31617770	31623006	0570b0
2	37829140	37835606	4	31631219	31638110	0570b0
2	39550085	39553681	4	31631219	31638110	0570b0
2	39711133	39716478	4	31631219	31638110	0570b0
2	39527932	39537390	4	31664966	31675285	0570b0
2	37829140	37835606	4	31676221	31680355	0570b0
2	39550085	39553681	4	31676221	31680355	0570b0
2	39711133	39716478	4	31676221	31680355	0570b0
2	39716153	39717819	4	31680206	31682439	0570b0
2	39803130	39819437	4	31700296	31709465	0570b0
2	39885667	39887955	4	31811074	31813250	0570b0
2	39888204	39900027	4	31813330	31825382	0570b0
2	39987160	39989042	4	32064829	32066671	0570b0
2	40180140	40190877	4	32135368	32141759	0570b0
2	40193000	40202328	4	32335032	32344942	0570b0
2	40380305	40381411	4	32351494	32353079	0570b0
2	42573030	42583128	4	32384641	32394333	0570b0
2	42367999	42374251	4	32551544	32557070	0570b0
2	42210213	42212930	4	32577468	32580872	0570b0
2	42188937	42196022	4	32636218	32643212	0570b0
2	41938574	41941638	4	32757692	32762031	0570b0
2	41735359	41740586	4	32828550	32832256	0570b0
2	41532869	41537981	4	32833534	32840093	0570b0
2	41399440	41426451	4	33160359	33180349	0570b0
2	41227435	41232498	4	33181312	33186960	0570b0
2	40977929	40987143	4	33364012	33374139	0570b0
2	40865653	40874059	4	33787252	33792461	0570b0
2	40750862	40763641	4	34093697	34106313	0570b0
2	40658198	40659220	4	34141909	34143303	0570b0
2	40613657	40624925	4	34411903	34422413	0570b0
2	44080392	44101250	4	34737138	34748778	0570b0
2	44215493	44217943	4	34766428	34770094	0570b0
2	44285577	44320689	4	34786792	34810063	0570b0
2	44356969	44361217	4	34822099	34825573	0570b0
2	44677559	44681109	4	35140660	35145463	0570b0
2	44794385	44812338	4	35165523	35185465	0570b0
2	44647284	44652981	4	35214007	35220657	0570b0
2	44558039	44569984	4	35391155	35401470	0570b0
2	44440402	44454535	4	35605877	35618695	0570b0
2	44375112	44384393	4	35750895	35760572	0570b0
2	44647284	44652981	4	36028012	36034617	0570b0
2	44983202	45002720	4	36185972	36206536	0570b0
2	45415815	45422449	4	36239208	36245326	0570b0
2	45458593	45462390	4	36245363	36252230	0570b0
2	45533111	45544942	4	36293800	36301162	0570b0
2	45646652	45674791	4	36546054	36569023	0570b0
2	46409033	46418633	4	36918239	36928687	0570b0
2	46797359	46804265	4	36935167	36938860	0570b0
2	50343983	50347757	4	37047588	37053267	0570b0
2	47781709	47813201	4	37203000	37229244	0570b0
2	48613688	48617721	4	37383710	37388139	0570b0
2	49176653	49179001	4	37567795	37571121	0570b0
1	37154544	37155476	4	53018470	53020033	0570b0
1	60014069	60016794	4	53018470	53020033	0570b0
2	35093487	35094698	4	62565071	62566565	ae017e
2	88229585	88232076	4	63437723	63441352	0570b0
1	19325100	19329883	4	75693901	75698264	fc8d62
1	93168927	93173240	4	75693901	75698264	fc8d62
2	13340163	13344429	4	84741797	84745599	238443
2	14721414	14727903	4	87365587	87371645	238443
2	1726669	1729713	4	87876554	87879886	ae017e
2	14857964	14862222	4	87906569	87910692	ae017e
2	68465374	68468500	4	87986590	87990854	0570b0
1	60927842	60928342	4	88137136	88138089	fc8d62
2	1248132	1262147	4	88999639	89010948	ae017e
2	918404	920978	4	89651852	89654826	ae017e
1	5774043	5777537	4	91129029	91132693	fc8d62
2	78087249	78089257	4	91129029	91132693	fc8d62
2	272963	274962	4	92037326	92039587	ae017e
2	276918	278293	4	92037326	92039587	ae017e
2	8775926	8783856	4	92417000	92421134	ae017e
2	536147	536967	4	92541142	92542049	ae017e
2	280032	281117	4	93013263	93014653	ae017e
