_chr12_000004 X 70586 82434 + 13 2 6 1 0 0 5187
_chr12_000006 X 293004 303292 + 13 7 0 1 2 0 4143
_chr12_000011 X 347956 362925 + 13 2 6 2 0 2 4517
_chr12_000018 X 730654 745211 + 14 12 7 5 3 2 6535
_chr12_000019 X 737577 746669 + 12 3 3 2 2 1 2949
_chr12_000033 X 1216195 1230797 + 12 4 1 6 1 1 21086
_chr12_000034 X 1283554 1295009 + 32 1 7 13 0 2 9200
_chr12_000071 X 2431296 2447669 + 12 10 4 3 4 1 4905
_chr12_000072 X 2453925 2466875 + 19 10 7 4 6 1 7800
_chr12_000078 X 2525563 2538806 + 25 7 15 1 1 0 19541
_chr12_000093 X 2941541 2953458 + 15 5 0 2 2 0 9907
_chr12_000106 X 3287608 3305592 + 24 12 1 6 9 0 6360
_chr12_000107 X 3319283 3343607 + 40 6 19 7 2 0 25753
_chr12_000123 X 3524085 3541914 + 23 2 7 11 1 1 12985
_chr12_000128 X 3864561 3874769 + 6 1 1 1 0 0 3553
_chr12_000136 X 3998446 4009076 + 7 9 6 1 8 0 8190
_chr12_000137 X 4011857 4023675 + 7 4 3 1 0 0 4780
_chr12_000145 X 4415461 4430504 + 21 2 8 8 0 2 8468
_chr12_000158 X 4764174 4775961 + 15 11 11 4 3 3 9925
_chr12_000160 X 4800797 4816385 + 19 3 2 4 2 1 6450
_chr12_000167 X 4872779 4888178 + 23 11 10 5 2 3 9917
_chr12_000168 X 4889718 4909709 + 20 11 0 5 1 0 7312
_chr12_000170 X 4915691 4933727 + 14 0 3 6 0 0 4192
_chr12_000172 X 5023047 5035175 + 21 17 18 4 10 9 12888
_chr12_000177 X 5201752 5216850 + 19 9 6 4 2 1 11328
_chr12_000179 X 5214571 5225847 + 10 4 0 1 0 0 3378
_chr12_000183 X 5338000 5351126 + 9 0 5 2 0 0 7774
_chr12_000192 X 5651529 5664060 + 13 8 6 5 1 3 8660
_chr12_000199 X 5765054 5778918 + 14 4 1 2 3 0 3680
_chr12_000200 X 5772789 5794751 + 16 4 3 6 2 2 13159
_chr12_000215 X 5911064 5920746 + 12 6 13 6 4 7 7717
_chr12_000216 X 5920774 5934687 + 23 2 15 11 2 9 9066
_chr12_000236 X 6346185 6360118 + 15 0 4 5 0 0 4449
_chr12_000248 X 6613692 6628373 + 10 1 3 1 0 0 2523
_chr12_000253 X 6779748 6798330 + 19 9 6 7 6 1 11512
_chr12_000255 X 6793838 6808647 + 13 6 8 2 1 0 5960
_chr12_000259 X 6887088 6904169 + 26 4 17 4 1 0 20638
_chr12_000269 X 7355852 7367274 + 19 8 0 7 1 0 15230
_chr12_000272 X 7455148 7464117 + 18 6 10 7 4 6 15429
_chr12_000275 X 7493140 7509791 + 22 6 0 12 2 0 6526
_chr12_000277 X 7560041 7568971 + 8 5 4 2 0 0 3150
_chr12_000279 X 7649314 7658670 + 17 24 3 4 13 0 8685
_chr12_000280 X 7653981 7667864 + 17 6 6 2 2 2 5915
_chr12_000281 X 7662923 7674023 + 16 2 21 3 0 13 7830
_chr12_000282 X 7713656 7724994 + 21 13 3 5 0 1 9562
_chr12_000284 X 7726932 7740105 + 17 5 0 4 0 0 4223
_chr12_000285 X 7736720 7752286 + 15 5 2 1 1 0 6414
_chr12_000286 X 7752150 7761146 + 13 8 5 3 0 5 10871
_chr12_000288 X 7771147 7780194 + 11 5 2 1 4 2 6980
_chr12_000289 X 7779644 7795931 + 10 9 4 3 1 1 6898
_chr12_000290 X 7799355 7809066 + 6 3 4 2 0 0 3502
_chr12_000298 X 8087344 8105375 + 24 16 0 10 4 0 10478
_chr12_000300 X 8178292 8194601 + 15 3 6 3 2 0 6105
_chr12_000301 X 8193574 8211947 + 23 3 3 3 1 0 7641
_chr12_000306 X 8463166 8473977 + 10 6 7 1 2 4 7114
_chr12_000321 X 9023383 9038150 + 21 9 2 10 4 2 15655
_chr12_000333 X 9917487 9933407 + 11 6 1 3 6 0 22586
_chr12_000334 X 9928286 9939359 + 2 0 6 0 0 4 20149
_chr12_000339 X 10065580 10080131 + 16 5 2 3 1 0 5961
_chr12_000342 X 10262554 10278651 + 21 4 2 9 4 1 17020
_chr12_000349 X 10435884 10445849 + 11 7 7 0 2 4 8558
_chr12_000353 X 10598363 10614106 + 23 0 7 8 0 5 24550
_chr12_000354 X 10617796 10632636 + 12 6 0 9 3 0 30050
_chr12_000362 X 10836132 10845568 + 16 10 4 9 5 1 16212
_chr12_000363 X 10844198 10855368 + 9 9 5 2 4 0 11117
_chr12_000371 X 11076053 11084747 + 9 5 1 6 5 1 8719
_chr12_000379 X 11234456 11243889 + 18 7 22 2 6 10 14561
_chr12_000380 X 11355036 11367559 + 23 0 11 11 0 6 22317
_chr12_000381 X 11475377 11488763 + 13 1 11 7 0 1 17713
_chr12_000390 X 11730229 11740403 + 5 1 3 2 0 2 1397
_chr12_000398 X 11884436 11897102 + 9 7 3 2 3 2 11475
_chr12_000403 X 11996088 12009944 + 26 15 2 9 0 1 14739
_chr12_000417 X 12949191 12959786 + 12 2 11 1 1 6 4929
_chr12_000420 X 13076226 13088321 + 15 2 3 5 0 1 5112
_chr12_000426 X 13332931 13347546 + 20 7 4 9 0 4 14953
_chr12_000444 X 13984084 13996199 + 13 16 0 5 8 0 6135
_chr12_000469 X 14826816 14844146 + 13 1 0 0 1 0 2877
_chr12_000471 X 14852095 14870250 + 24 4 16 2 2 2 13845
_chr12_000476 X 15070962 15084071 + 17 4 8 13 4 5 13619
_chr12_000481 X 15151572 15163049 + 1 5 8 0 0 2 2117
_chr12_000482 X 15185710 15201200 + 18 0 0 12 0 0 16478
_chr12_000483 X 15194016 15207893 + 11 0 9 5 0 2 4196
_chr12_000494 X 15826480 15841730 + 19 4 8 8 3 4 12189
_chr12_000525 X 18468323 18481466 + 12 16 7 2 11 4 11073
_chr12_000526 X 18525170 18535202 + 18 15 5 10 7 0 15414
_chr12_000541 X 19115389 19125257 + 24 10 2 10 6 1 7635
_chr12_000547 X 19918916 19931479 + 29 8 5 9 7 1 12823
_chr12_000572 X 21963218 21972617 + 9 6 6 4 4 2 8897
_chr12_000577 X 22718915 22733958 + 28 10 6 13 7 5 15240
_chr12_000580 X 22868189 22882454 + 9 3 8 2 0 2 7130
_chr12_000586 X 23617436 23632524 + 15 11 3 5 2 1 6054
_chr12_000595 X 24373344 24384405 + 4 4 18 2 4 10 11611
_chr12_000598 X 24387147 24398867 + 16 12 3 8 6 3 12108
_chr12_000624 X 27671217 27683102 + 18 2 3 10 2 3 9832
_chr12_000673 X 43881261 43897428 + 14 4 2 2 4 1 21248
_chr12_000688 X 52535959 52546613 + 28 8 6 19 7 2 16815
_chr12_000696 X 56355614 56369261 + 15 4 0 12 4 0 23510
_chr12_000750 X 71871285 71889974 + 19 1 3 6 1 3 9009
_chr12_000752 X 73268783 73280126 + 14 0 4 11 0 4 31627
_chr12_000754 X 75733873 75745963 + 13 10 1 9 8 0 21691
_chr12_000774 X 81338714 81349185 + 22 5 8 6 4 4 17209
_chr12_000813 X 90336518 90349275 + 37 5 9 17 4 7 21831
_chr12_000816 X 93064888 93075456 + 8 4 6 5 4 6 14696
_chr12_000828 X 96858054 96872492 + 29 0 9 8 0 7 20565
_chr12_000832 X 98008046 98022536 + 12 5 3 0 2 1 6728
_chr12_000867 X 106445961 106458823 + 13 3 0 10 2 0 18936
_chr12_000880 X 108154090 108166565 + 14 10 7 4 9 5 11205
_chr12_000887 X 109573974 109591815 + 16 12 1 7 10 0 11506
_chr12_000892 X 112126174 112139719 + 5 9 3 2 6 2 9362
_chr12_000896 X 114186048 114194759 + 20 7 5 12 7 4 13010
_chr12_000901 X 116066270 116083244 + 24 3 8 7 2 4 19029
_chr12_000914 X 122440860 122469050 + 29 5 0 16 2 0 26396
_chr12_000927 X 124088779 124098815 + 8 4 6 5 4 5 11188
_chr12_000983 X 135042200 135059244 + 25 4 14 9 4 7 17490
_chr12_001009 X 139046913 139058996 + 10 2 4 5 1 3 5164
_chr12_001044 X 143830025 143867081 + 30 3 4 8 3 4 18657
_chr12_001054 X 145167919 145181349 + 18 4 5 12 4 2 26883
_chr12_001081 X 151200188 151212304 + 18 8 6 9 2 2 18792
_chr12_001086 X 152141265 152153471 + 13 7 4 5 1 4 13559
_chr12_001102 X 156012709 156024552 + 11 0 2 7 0 1 16992
_chr12_001103 X 156017264 156026117 + 6 6 2 3 5 0 8127
_chr12_001109 X 157201578 157222630 + 19 5 13 12 5 10 14244
_chr12_001121 X 160382140 160395712 + 19 6 5 7 6 5 12810
_chr12_001125 X 161487890 161497629 + 22 0 1 7 0 0 17513
_chr12_001126 X 161567973 161579882 + 8 1 4 5 1 4 12279
_chr12_001148 X 166303744 166314467 + 25 3 6 13 3 6 15938
_chr12_001154 X 167610321 167624685 + 25 4 11 14 4 11 18369
_chr12_001184 X 176119315 176153061 + 46 7 10 26 7 10 31688
_chr12_001219 X 187667102 187684848 + 27 13 0 17 9 0 27203
_chr12_001247 X 196570474 196582894 + 26 3 5 14 3 5 18074
_chr12_001251 X 198009801 198024075 + 7 4 2 7 4 2 8988
_chr12_001258 X 210787614 210801357 + 11 6 0 6 5 0 18258
_chr12_001261 X 216116324 216128303 + 27 9 5 19 7 5 12993
_chr12_001292 X 222898399 222910290 + 17 7 4 16 7 4 19257
_chr12_001293 X 223186581 223204633 + 21 7 6 8 1 6 17179
_chr12_001324 X 230834100 230848067 + 16 4 12 5 4 11 20195
_chr12_001327 X 233149178 233161265 + 22 4 7 17 4 1 15957
_chr12_001339 X 239062427 239075983 + 11 4 6 10 4 4 12367
_chr12_001358 X 242797836 242809274 + 20 1 10 16 1 10 18938
_chr12_001361 X 244106839 244122542 + 24 0 9 13 0 7 27150
_chr12_001382 X 251747152 251766551 + 17 1 4 7 1 4 20831
_chr12_001402 X 256641399 256654618 + 8 6 1 3 5 0 10484
_chr12_001406 X 258061220 258072893 + 12 0 6 7 0 6 15229
_chr12_001408 X 259057602 259071921 + 16 9 11 6 8 5 16062
_chr12_001411 X 261559268 261578844 + 19 4 8 1 1 2 15939
_chr12_001433 X 263241009 263255162 + 18 2 1 2 2 0 7741
_chr12_001434 X 263249531 263266353 + 29 3 2 10 0 1 12167
_chr12_001449 X 264690660 264710898 + 30 4 0 14 4 0 21873
_chr12_001477 X 272491614 272502123 + 20 3 14 9 0 2 6229
_chr12_001496 X 274193299 274213269 + 22 11 1 14 6 1 23926
_chr12_001503 X 276668443 276680696 + 14 5 5 5 5 1 13291
_chr12_001509 X 277545818 277574699 + 37 6 6 16 6 5 29565
_chr12_001531 X 281924759 281940475 + 20 1 6 2 0 3 8059
_chr12_001575 X 291399902 291416491 + 20 5 4 9 5 1 15244
_chr12_001581 X 292516389 292531094 + 32 5 18 18 5 10 12518
_chr12_001583 X 292682537 292692327 + 13 4 9 2 0 6 8430
_chr12_001587 X 294301541 294318134 + 32 7 4 10 7 4 20695
_chr12_001588 X 294820468 294833554 + 13 7 2 3 7 0 17228
_chr12_001599 X 296848681 296866535 + 11 5 2 2 5 0 10151
_chr12_001604 X 297229584 297239968 + 6 1 5 6 1 5 13210
_chr12_001612 X 298578461 298591446 + 20 6 6 4 6 4 21001
_chr12_001614 X 299431051 299442620 + 19 12 1 6 5 1 9904
_chr12_001624 X 301742863 301764368 + 25 2 3 10 2 1 18542
_chr12_001625 X 301782837 301797530 + 12 7 4 0 6 4 14158
_chr12_001634 X 302314761 302340177 + 29 1 6 8 0 0 25880
_chr12_001637 X 302401226 302416630 + 29 6 8 16 6 7 18456
_chr12_001639 X 302900120 302911445 + 17 3 8 7 3 2 10690
_chr12_001648 X 306390382 306408773 + 33 0 3 13 0 1 26042
_chr12_001651 X 306540003 306552450 + 14 6 7 5 0 4 8202
_chr12_001666 X 307470241 307484687 + 18 11 4 7 6 4 14149
_chr12_001683 X 310714549 310725746 + 13 4 15 9 4 5 12742
_chr12_001695 X 311991132 312000115 + 6 4 7 2 0 3 3935
_chr12_001700 X 312521408 312533639 + 13 3 1 8 3 1 25246
_chr12_001701 X 312548302 312561351 + 19 5 5 5 4 2 12612
_chr12_001702 X 312554321 312565460 + 7 15 7 2 3 2 8687
_chr12_001703 X 312557596 312568247 + 13 2 1 4 1 1 9017
_chr12_001704 X 312566022 312580404 + 11 4 0 4 2 0 21031
_chr12_001705 X 312867198 312882855 + 31 10 3 7 9 3 14987
_chr12_001709 X 313236541 313251878 + 12 2 3 5 2 1 4293
_chr12_001710 X 313249242 313261362 + 13 0 6 7 0 5 11541
_chr12_001711 X 313379784 313393327 + 27 4 13 12 3 6 17355
_chr12_001713 X 313425684 313436699 + 10 3 2 2 3 0 7907
_chr12_001716 X 313542647 313557718 + 30 1 13 16 1 6 26154
_chr12_001717 X 313897789 313908785 + 9 9 1 6 8 0 8442
_chr12_001718 X 314102961 314115138 + 6 3 4 5 3 4 10499
_chr12_001719 X 314299163 314311961 + 14 3 8 7 3 0 13256
_chr12_001723 X 314489805 314499644 + 4 10 4 3 10 1 10927
_chr12_001724 X 314594089 314605983 + 17 7 0 5 6 0 19648
_chr12_001726 X 314718532 314733267 + 11 9 5 7 1 2 11775
_chr12_001728 X 315228059 315241859 + 28 4 3 13 4 1 17812
_chr12_001733 X 315364652 315376133 + 11 6 3 3 5 0 9390
_chr12_001737 X 315851372 315864308 + 31 4 1 14 4 0 14228
_chr12_001742 X 316357746 316366263 + 13 0 4 5 0 4 8828
_chr12_001743 X 316472641 316486004 + 14 4 6 6 4 3 16043
_chr12_001744 X 316478987 316488224 + 7 5 5 1 1 5 11419
_chr12_001745 X 316524338 316533461 + 8 6 2 4 6 0 12205
_chr12_001746 X 316539071 316550927 + 11 3 3 5 1 0 5746
_chr12_001748 X 316754117 316768023 + 18 3 10 7 3 3 13761
_chr12_001749 X 316785382 316800479 + 21 3 9 11 3 1 13014
_chr12_003084 X 332406784 332420681 - 25 13 3 7 9 0 15848
_chr12_003432 X 316802503 316811693 - 14 6 4 3 4 3 7625
_chr12_003438 X 316528774 316540476 - 6 6 6 3 3 3 7313
_chr12_003446 X 316143836 316155033 - 13 6 0 5 5 0 20633
_chr12_003449 X 315947459 315968391 - 11 4 9 4 4 8 26077
_chr12_003450 X 315858590 315872677 - 18 4 8 3 4 5 11006
_chr12_003451 X 315589399 315598870 - 15 2 12 6 0 11 13528
_chr12_003452 X 315560073 315572151 - 11 5 2 5 5 1 10703
_chr12_003462 X 315256289 315269037 - 17 6 0 6 6 0 11398
_chr12_003480 X 313901325 313916717 - 15 4 5 3 2 5 11152
_chr12_003486 X 313526165 313539033 - 28 1 5 9 1 5 22625
_chr12_003487 X 313492878 313508855 - 27 12 17 15 8 6 25643
_chr12_003488 X 313457725 313470660 - 12 5 8 9 5 8 15376
_chr12_003490 X 312875471 312887464 - 15 0 4 5 0 0 9649
_chr12_003502 X 311153002 311163319 - 14 2 7 8 2 0 13003
_chr12_003506 X 310730795 310746023 - 42 4 12 12 0 6 12392
_chr12_003508 X 310086524 310097142 - 5 0 4 2 0 0 2719
_chr12_003512 X 309316798 309332384 - 23 5 0 9 5 0 23183
_chr12_003516 X 308908379 308923643 - 17 5 6 6 4 6 15437
_chr12_003517 X 308292424 308304434 - 8 3 12 3 3 7 8934
_chr12_003521 X 308093346 308103723 - 15 4 3 3 1 2 8294
_chr12_003537 X 307698065 307708391 - 15 3 4 9 3 4 13013
_chr12_003541 X 307457437 307469567 - 18 14 6 10 3 5 11345
_chr12_003545 X 307263443 307275779 - 7 5 5 7 5 0 9158
_chr12_003552 X 305584668 305601832 - 20 5 0 12 2 0 22017
_chr12_003553 X 305558120 305571359 - 19 3 9 8 2 3 23635
_chr12_003557 X 304654949 304668407 - 16 0 13 6 0 10 14719
_chr12_003573 X 302968899 302980843 - 9 3 4 3 3 4 13997
_chr12_003581 X 301887577 301900527 - 19 9 4 7 9 3 11460
_chr12_003584 X 301509818 301524498 - 13 0 3 10 0 3 21726
_chr12_003591 X 300097783 300113678 - 22 3 6 8 1 6 12419
_chr12_003592 X 299913497 299926739 - 14 3 6 8 3 5 11039
_chr12_003594 X 299437552 299453402 - 11 4 7 5 3 2 8489
_chr12_003595 X 299073411 299087423 - 15 8 7 4 4 5 10343
_chr12_003603 X 298111222 298122431 - 19 0 19 12 0 11 24583
_chr12_003616 X 292947389 292961540 - 22 10 6 15 10 6 15407
_chr12_003618 X 292684331 292698062 - 22 11 6 10 11 0 15327
_chr12_003621 X 292534624 292548132 - 15 4 16 10 4 8 12953
_chr12_003626 X 291409606 291423727 - 19 14 6 5 4 2 8365
_chr12_003632 X 290767554 290781066 - 11 1 2 8 0 2 10133
_chr12_003649 X 289518011 289530070 - 8 6 5 3 6 3 9668
_chr12_003748 X 274949094 274963367 - 10 0 9 4 0 0 10158
_chr12_003751 X 274766192 274775261 - 10 6 7 2 3 6 6750
_chr12_003754 X 274275668 274289108 - 7 0 12 4 0 3 18696
_chr12_003761 X 272493827 272504204 - 20 15 10 6 6 4 8105
_chr12_003762 X 272476907 272495666 - 28 0 14 11 0 4 8526
_chr12_003764 X 272056849 272089384 - 29 5 7 10 3 7 26993
_chr12_003789 X 267280616 267290965 - 18 4 8 9 4 2 8629
_chr12_003798 X 265866602 265885635 - 17 8 8 6 8 7 18849
_chr12_003815 X 259887969 259903639 - 22 7 7 12 7 0 15352
_chr12_003826 X 258388741 258403646 - 27 8 3 14 7 2 16287
_chr12_003829 X 257012406 257040317 - 39 3 5 12 3 5 18023
_chr12_003844 X 254203531 254225081 - 23 4 4 11 4 3 16371
_chr12_003859 X 249934008 249944123 - 17 5 1 11 4 1 14513
_chr12_003860 X 249360118 249371182 - 17 5 12 9 5 9 14667
_chr12_003867 X 247105547 247123072 - 15 7 9 8 7 5 17312
_chr12_003880 X 240972105 240981987 - 3 5 7 1 4 4 6434
_chr12_003882 X 239964290 239975121 - 23 1 8 13 0 7 12993
_chr12_003885 X 239137549 239154122 - 6 9 8 5 3 7 10415
_chr12_003895 X 236366636 236381205 - 21 0 6 8 0 3 17587
_chr12_003908 X 231609158 231619242 - 16 1 4 11 1 4 21928
_chr12_003919 X 226159362 226175680 - 13 0 3 3 0 1 13176
_chr12_003922 X 225475070 225490146 - 21 2 8 5 2 3 10298
_chr12_003938 X 216594150 216605109 - 25 4 9 15 1 7 18245
_chr12_003965 X 197408332 197426734 - 27 12 13 20 7 7 17342
_chr12_003991 X 185937091 185965157 - 76 4 8 29 3 2 26575
_chr12_004002 X 184407163 184442007 - 59 0 2 30 0 1 44466
_chr12_004047 X 168089067 168100454 - 12 11 8 5 9 3 8987
_chr12_004053 X 167876237 167888649 - 17 5 2 5 4 2 19625
_chr12_004083 X 161616085 161627085 - 21 11 4 7 8 2 13519
_chr12_004084 X 161607516 161617835 - 14 3 0 8 1 0 17230
_chr12_004134 X 154961022 154982284 - 19 3 6 12 3 4 43844
_chr12_004145 X 151209503 151223682 - 23 5 4 9 3 1 22603
_chr12_004171 X 144783865 144797077 - 15 5 1 12 5 1 16643
_chr12_004190 X 141485827 141494859 - 15 0 0 14 0 0 29704
_chr12_004192 X 140548048 140562346 - 14 3 4 9 3 4 21378
_chr12_004200 X 138865752 138880585 - 21 8 9 12 6 1 11901
_chr12_004244 X 132508263 132530032 - 23 9 0 11 5 0 19595
_chr12_004278 X 121346181 121359342 - 17 4 0 11 4 0 21901
_chr12_004305 X 113138794 113153005 - 39 2 9 18 2 9 14446
_chr12_004315 X 110887767 110899531 - 18 6 0 11 6 0 23066
_chr12_004362 X 101017439 101027039 - 6 2 8 0 0 3 16321
_chr12_004389 X 92702631 92715806 - 17 3 6 8 3 6 19935
_chr12_004400 X 90600851 90616050 - 22 9 3 9 9 3 16772
_chr12_004405 X 89014480 89030822 - 19 0 10 13 0 8 20830
_chr12_004418 X 84578203 84594231 - 26 2 7 16 2 5 17171
_chr12_004421 X 83666321 83681235 - 27 16 4 15 8 4 14335
_chr12_004455 X 75969846 75979438 - 13 8 3 5 8 3 14947
_chr12_004459 X 74189135 74210564 - 31 0 6 14 0 2 25240
_chr12_004464 X 73273940 73285012 - 15 0 4 12 0 4 21004
_chr12_004487 X 66376314 66387047 - 13 9 9 7 8 3 12020
_chr12_004490 X 61897292 61918830 - 30 0 2 12 0 2 22395
_chr12_004500 X 56398581 56414577 - 13 5 4 6 5 3 18263
_chr12_004510 X 51623245 51639869 - 21 7 9 8 4 7 14283
_chr12_004511 X 51082730 51096847 - 22 4 16 8 4 6 14476
_chr12_004519 X 47994813 48014453 - 21 6 8 11 6 7 19755
_chr12_004523 X 44138066 44150142 - 22 4 4 13 4 2 19311
_chr12_004577 X 26135200 26191531 - 56 8 0 24 6 0 18569
_chr12_004593 X 23629769 23649896 - 29 0 0 9 0 0 6993
_chr12_004598 X 22874250 22887726 - 11 5 3 3 4 0 11056
_chr12_004600 X 22744638 22757088 - 17 2 4 5 2 2 10236
_chr12_004609 X 20864952 20875634 - 7 0 6 7 0 6 10157
_chr12_004614 X 20761400 20775563 - 9 3 2 1 0 1 3699
_chr12_004618 X 20367621 20379258 - 20 4 2 8 4 0 16806
_chr12_004639 X 19024096 19049940 - 22 8 4 5 4 1 14312
_chr12_004662 X 17885480 17898636 - 13 14 10 5 11 2 7208
_chr12_004674 X 17321470 17332421 - 14 19 6 7 9 2 10746
_chr12_004687 X 16033069 16043169 - 14 9 3 9 5 2 20655
_chr12_004699 X 15200441 15213490 - 12 3 7 4 1 3 4855
_chr12_004701 X 15157962 15169924 - 9 5 0 2 2 0 4761
_chr12_004702 X 15155146 15164815 - 5 4 0 2 0 0 1583
_chr12_004703 X 15105439 15116231 - 10 5 6 4 5 4 12051
_chr12_004705 X 15048496 15059397 - 15 7 4 11 6 4 20785
_chr12_004706 X 14897864 14907025 - 6 11 17 1 5 1 16701
_chr12_004711 X 14522678 14533614 - 13 6 0 3 1 0 7052
_chr12_004719 X 14178971 14190445 - 13 1 4 0 1 2 7870
_chr12_004726 X 13876063 13887534 - 18 0 0 7 0 0 14213
_chr12_004744 X 13092419 13102622 - 24 4 2 10 4 0 14670
_chr12_004746 X 12952934 12964775 - 20 7 7 6 7 1 8883
_chr12_004747 X 12858815 12869065 - 22 12 4 3 4 1 10895
_chr12_004765 X 12021543 12035457 - 15 15 10 1 5 4 10064
_chr12_004768 X 11913742 11926182 - 12 1 0 2 0 0 4841
_chr12_004773 X 11755870 11766404 - 13 16 4 2 9 4 16863
_chr12_004775 X 11731652 11749256 - 14 0 3 10 0 0 16781
_chr12_004795 X 11142029 11156812 - 11 5 6 4 2 1 8214
_chr12_004796 X 11087462 11096579 - 20 7 2 6 5 1 9132
_chr12_004801 X 10883135 10896879 - 6 3 4 1 1 0 2968
_chr12_004806 X 10711655 10728658 - 19 4 15 0 4 4 16520
_chr12_004808 X 10555326 10567188 - 4 6 8 0 1 3 4932
_chr12_004817 X 10281779 10294169 - 22 14 2 14 7 1 9531
_chr12_004824 X 10105518 10115067 - 19 9 6 5 9 5 12323
_chr12_004825 X 10073888 10086739 - 14 9 5 2 5 1 7443
_chr12_004828 X 9972636 9988703 - 5 7 2 3 1 0 2205
_chr12_004830 X 9958654 9967986 - 10 2 3 2 0 0 3255
_chr12_004854 X 8458228 8470200 - 16 2 12 4 1 5 7132
_chr12_004855 X 8446835 8459580 - 22 5 0 9 2 0 6315
_chr12_004858 X 8385776 8396438 - 10 0 1 2 0 1 3146
_chr12_004859 X 8383230 8392989 - 8 3 5 2 1 2 5065
_chr12_004860 X 8259839 8277154 - 21 8 8 12 8 2 11670
_chr12_004861 X 8252171 8265224 - 19 1 14 4 0 0 11522
_chr12_004863 X 8186709 8198390 - 17 7 3 2 0 0 7720
_chr12_004864 X 8175128 8184797 - 2 6 8 2 0 1 3885
_chr12_004866 X 8099954 8110019 - 5 8 6 1 2 0 4768
_chr12_004869 X 7921657 7932004 - 8 2 0 2 0 0 1725
_chr12_004871 X 7906897 7920306 - 22 3 0 3 1 0 4676
_chr12_004872 X 7898427 7909822 - 15 5 11 1 2 2 6927
_chr12_004873 X 7861114 7872742 - 21 5 3 12 5 1 19636
_chr12_004875 X 7801450 7818715 - 13 8 5 4 8 1 9951
_chr12_004876 X 7746722 7758235 - 12 9 0 0 3 0 7965
_chr12_004880 X 7557641 7567477 - 7 4 6 1 1 1 3833
_chr12_004883 X 7506565 7520223 - 12 5 2 6 4 0 7657
_chr12_004884 X 7501816 7513866 - 4 7 3 1 3 2 3840
_chr12_004886 X 7423353 7435088 - 13 10 8 4 4 1 10549
_chr12_004887 X 7375247 7388838 - 24 5 0 8 5 0 18313
_chr12_004893 X 6904430 6917266 - 30 13 12 5 5 1 21847
_chr12_004897 X 6651993 6667658 - 25 4 7 3 4 0 11760
_chr12_004902 X 6605802 6617868 - 11 0 0 0 0 0 1788
_chr12_004925 X 5850953 5862224 - 15 11 9 5 7 1 6421
_chr12_004926 X 5833465 5844730 - 31 12 4 3 1 1 13551
_chr12_004928 X 5786875 5803859 - 13 3 1 7 1 1 11938
_chr12_004934 X 5701787 5715069 - 16 6 12 2 1 5 7663
_chr12_004944 X 5263606 5282001 - 25 8 3 3 1 2 6320
_chr12_004947 X 5218720 5246292 - 14 1 6 3 1 0 4761
_chr12_004948 X 5184523 5201499 - 13 6 2 2 3 0 15751
_chr12_004949 X 5162848 5182247 - 21 0 2 2 0 1 13098
_chr12_004954 X 4928165 4941796 - 22 17 0 5 1 0 13126
_chr12_004956 X 4859947 4876452 - 30 4 4 9 1 3 8411
_chr12_004963 X 4695139 4708568 - 27 0 12 9 0 1 21093
_chr12_004972 X 4401999 4420027 - 26 7 2 8 1 1 6845
_chr12_004975 X 4222484 4235653 - 23 9 7 14 9 3 20709
_chr12_004977 X 4210715 4219932 - 20 6 13 5 6 1 14627
_chr12_004979 X 3975157 3986264 - 7 7 6 2 3 1 4690
_chr12_004988 X 3877919 3891534 - 18 3 1 3 1 0 4520
_chr12_004996 X 3539458 3549769 - 10 5 2 1 1 1 2691
_chr12_004998 X 3430312 3440163 - 11 3 4 0 2 1 4214
_chr12_005003 X 3160617 3173061 - 24 4 3 6 0 0 6182
_chr12_005009 X 3115260 3129399 - 13 4 5 5 1 4 12501
_chr12_005014 X 3068022 3077765 - 17 6 22 3 2 0 21925
_chr12_005021 X 2720249 2734146 - 11 3 7 1 0 6 6249
_chr12_005031 X 2419607 2432621 - 21 5 8 8 1 2 6351
_chr12_005034 X 2369711 2383092 - 6 14 8 2 3 0 4911
_chr12_005064 X 1271163 1286858 - 22 2 4 7 0 0 5753
_chr12_005070 X 1233234 1247817 - 10 1 1 6 0 1 19460
_chr12_005083 X 665245 679664 - 28 3 18 2 1 0 20072
_chr12_005092 X 106482 118345 - 18 3 0 5 0 0 15212
_chr12_005095 X 44638 57198 - 33 1 21 0 0 0 21559
_scaffold_12_000046 Y 8176725 8189525 + 16 0 6 6 0 3 23673
_scaffold_12_000048 Y 8387782 8400671 + 6 3 4 5 1 1 10838
_scaffold_12_000051 Y 9232588 9247870 + 24 0 1 11 0 1 19911
_scaffold_12_000052 Y 9341297 9352272 + 8 6 1 5 6 1 15049
_scaffold_12_000072 Y 12558900 12570355 + 16 3 7 7 1 5 13668
_scaffold_12_000140 Y 23183275 23192681 + 9 7 1 6 5 0 22042
_scaffold_12_000163 Y 27477575 27495206 + 10 4 2 5 4 1 14328
_scaffold_12_000165 Y 27743968 27770189 + 13 5 1 3 1 1 14982
_scaffold_12_000174 Y 29928490 29946043 + 12 0 11 5 0 11 10964
_scaffold_12_000179 Y 31086496 31120976 + 44 7 7 32 3 7 39842
_scaffold_12_000185 Y 32409178 32424851 + 20 8 4 11 8 4 12600
_scaffold_12_000207 Y 38698161 38719315 + 17 0 1 10 0 0 12601
_scaffold_12_000238 Y 41628751 41641958 + 10 2 0 5 0 0 8282
_scaffold_12_000239 Y 42651928 42664067 + 14 5 11 10 4 5 16933
_scaffold_12_000255 Y 44002905 44015017 + 14 5 5 3 5 4 10242
_scaffold_12_000282 Y 43620605 43637151 - 19 7 9 7 7 3 14238
_scaffold_12_000309 Y 39788100 39807627 - 18 5 10 8 5 5 30413
_scaffold_12_000360 Y 32806681 32816591 - 20 5 8 10 4 8 15217
_scaffold_12_000381 Y 28764755 28775970 - 13 6 2 1 2 1 10469
_scaffold_12_000437 Y 19585638 19597692 - 15 4 4 3 4 4 22834
_scaffold_12_000442 Y 18843873 18861218 - 20 0 4 13 0 3 45136
_scaffold_12_000479 Y 9344846 9359915 - 8 8 7 7 6 5 11607
_scaffold_12_000481 Y 9207749 9220817 - 17 7 7 7 7 4 15223
_scaffold_12_000483 Y 8627003 8642304 - 18 2 4 6 0 4 13142
_scaffold_12_000484 Y 8610382 8621713 - 14 3 1 11 3 1 23796
_scaffold_12_000485 Y 8543393 8562132 - 27 3 4 14 2 2 27066
_scaffold_12_000486 Y 8501555 8512878 - 10 6 11 7 4 7 16583
_scaffold_12_000509 Y 4072051 4084471 - 7 1 1 1 1 1 8790
_scaffold_13_000013 Y 1587919 1612644 + 36 5 8 13 5 0 24804
_scaffold_13_000014 Y 1944607 1955662 + 9 2 4 9 2 4 17607
_scaffold_13_000037 Y 4869317 4884815 + 12 4 0 4 2 0 15194
_scaffold_13_000038 Y 4981108 4997128 + 13 5 2 6 5 2 14584
_scaffold_13_000042 Y 7806503 7817052 + 9 8 4 6 0 4 12771
_scaffold_13_000055 Y 10095084 10106852 + 17 3 5 9 3 5 12543
_scaffold_13_000062 Y 12468796 12481740 + 13 4 4 6 4 3 11458
_scaffold_13_000093 Y 19572781 19589378 + 17 4 9 12 3 1 29480
_scaffold_13_000095 Y 20100978 20110132 + 10 5 4 6 5 1 12220
_scaffold_13_000130 Y 23891114 23901012 + 10 1 0 8 1 0 31030
_scaffold_13_000131 Y 24025237 24035742 + 13 14 8 1 8 0 8475
_scaffold_13_000174 Y 33067214 33082887 + 22 0 3 12 0 0 18428
_scaffold_13_000235 Y 34879367 34888592 - 21 1 6 2 1 3 8613
_scaffold_13_000247 Y 31406903 31419524 - 13 0 0 7 0 0 19169
_scaffold_13_000253 Y 30109907 30124250 - 19 10 4 16 10 3 16636
_scaffold_13_000254 Y 29970298 29984214 - 18 4 6 15 4 6 16900
_scaffold_13_000255 Y 29841733 29865007 - 25 1 5 3 0 1 12145
_scaffold_13_000260 Y 29360361 29372597 - 21 4 7 6 4 5 11877
_scaffold_13_000264 Y 28439839 28454946 - 23 4 5 9 2 5 16018
_scaffold_13_000265 Y 28276319 28288720 - 12 6 4 4 2 3 16473
_scaffold_13_000266 Y 28240534 28255341 - 15 9 5 1 6 4 19046
_scaffold_13_000278 Y 26732766 26750728 - 18 4 5 5 1 5 9483
_scaffold_13_000288 Y 22970926 22985759 - 12 5 0 10 5 0 20251
_scaffold_13_000347 Y 20348638 20366454 - 19 4 9 8 4 9 12760
_scaffold_13_000350 Y 19624294 19640127 - 16 6 7 2 6 7 17277
_scaffold_13_000351 Y 19582595 19596916 - 22 4 0 9 0 0 21474
_scaffold_13_000375 Y 16749173 16760310 - 19 5 7 4 3 0 14508
_scaffold_13_000418 Y 7671457 7683874 - 12 1 3 4 0 3 18344
_scaffold_13_000419 Y 6202061 6218566 - 16 6 4 16 5 1 18170
_scaffold_13_000423 Y 5444731 5464165 - 19 3 5 2 0 1 15569
_scaffold_1_000006 Y 46401711 46414502 + 15 4 14 3 4 6 16979
_scaffold_1_000047 Y 54280518 54294612 + 12 7 1 6 3 0 9755
_scaffold_1_000050 Y 54909385 54923133 + 18 7 11 3 6 11 14211
_scaffold_1_000056 Y 56709346 56721824 + 16 2 4 12 2 4 16109
_scaffold_1_000071 Y 57855029 57868025 + 18 0 2 9 0 0 9320
_scaffold_1_000078 Y 58776890 58791561 + 14 5 4 10 5 3 17800
_scaffold_1_000087 Y 59519373 59541474 + 31 0 5 8 0 5 28050
_scaffold_1_000089 Y 60952412 60961183 + 10 5 5 8 5 2 13196
_scaffold_1_000095 Y 61299897 61316096 + 17 0 7 11 0 2 19868
_scaffold_1_000103 Y 65178983 65192810 + 13 5 4 9 4 4 14477
_scaffold_1_000137 Y 71670550 71686624 + 16 8 7 8 7 4 17453
_scaffold_1_000149 Y 72484014 72498755 + 6 7 7 1 3 0 3765
_scaffold_1_000153 Y 73689880 73699702 + 12 7 0 4 0 0 18564
_scaffold_1_000169 Y 75458883 75469494 + 18 4 10 7 4 1 13060
_scaffold_1_000170 Y 75527022 75548286 + 25 5 10 10 5 7 35470
_scaffold_1_000172 Y 75686871 75696371 + 10 6 7 3 4 7 13818
_scaffold_1_000173 Y 76671146 76684227 + 15 0 9 5 0 4 18463
_scaffold_1_000241 Y 87012721 87030572 + 27 9 1 17 6 1 28106
_scaffold_1_000261 Y 90308966 90324021 + 24 3 4 10 3 2 14910
_scaffold_1_000279 Y 92190054 92203323 + 14 6 8 2 5 5 13915
_scaffold_1_000319 Y 99764624 99779716 + 17 2 9 5 0 8 17105
_scaffold_1_000323 Y 101748361 101760135 + 8 0 7 1 0 7 6277
_scaffold_1_000341 Y 105350559 105367641 + 13 1 3 6 1 2 12283
_scaffold_1_000343 Y 105761957 105776278 + 17 8 6 6 6 1 13592
_scaffold_1_000407 Y 118106118 118115693 + 9 8 1 7 5 1 18180
_scaffold_1_000411 Y 118204769 118223155 + 19 11 5 4 11 0 12948
_scaffold_1_000414 Y 121084806 121103152 + 21 2 6 11 2 6 17496
_scaffold_1_000431 Y 124872664 124882686 + 14 2 0 6 2 0 19800
_scaffold_1_000446 Y 126999101 127012636 + 13 0 5 3 0 1 11336
_scaffold_1_000467 Y 131081250 131096356 + 12 5 6 3 5 3 16219
_scaffold_1_000472 Y 131775473 131811990 + 35 4 4 21 3 4 38202
_scaffold_1_000511 Y 136837515 136865533 + 18 1 4 11 1 4 36884
_scaffold_1_000541 Y 144300105 144313997 + 20 4 4 17 4 4 19291
_scaffold_1_000591 Y 153184575 153195707 + 10 15 0 4 0 0 4712
_scaffold_1_000592 Y 153191684 153204117 + 14 2 9 9 0 2 7859
_scaffold_1_000595 Y 153283284 153295256 + 4 1 1 0 0 0 1430
_scaffold_1_000596 Y 153288011 153297838 + 4 0 5 0 0 0 2652
_scaffold_1_000597 Y 153353958 153371850 + 20 7 3 9 2 0 10067
_scaffold_1_000598 Y 153366932 153381263 + 14 2 2 1 1 2 9406
_scaffold_1_000600 Y 153810857 153822318 + 13 0 3 4 0 3 18020
_scaffold_1_000601 Y 153827088 153836641 + 6 2 5 2 2 0 4438
_scaffold_1_000604 Y 153950160 153960306 + 6 10 2 1 8 1 6228
_scaffold_1_000606 Y 154135050 154149925 + 11 6 2 5 6 0 10332
_scaffold_1_000608 Y 154154569 154168753 + 9 2 4 0 0 0 6291
_scaffold_1_000609 Y 154170276 154182044 + 15 2 0 8 0 0 13967
_scaffold_1_000611 Y 154962875 154973651 + 11 4 4 4 3 4 19824
_scaffold_1_000614 Y 155019712 155036777 + 15 3 0 6 2 0 7980
_scaffold_1_000617 Y 155067548 155078782 + 12 2 0 0 0 0 3292
_scaffold_1_000626 Y 155862569 155872865 + 5 3 6 0 1 4 9658
_scaffold_1_000645 Y 156350076 156364095 + 29 4 7 9 0 5 11984
_scaffold_1_000646 Y 156424396 156436248 + 11 6 2 2 6 0 7912
_scaffold_1_000663 Y 156887507 156900713 + 24 4 8 13 3 8 25947
_scaffold_1_000667 Y 157388783 157403520 + 9 1 4 5 1 1 20033
_scaffold_1_000681 Y 161123487 161160243 + 36 2 7 16 2 7 24861
_scaffold_1_000719 Y 165125198 165151389 + 23 5 1 7 4 1 14701
_scaffold_1_000729 Y 168574910 168589234 + 21 7 5 5 7 4 11672
_scaffold_1_000730 Y 168619237 168644063 + 27 3 0 13 2 0 30227
_scaffold_1_000744 Y 171152724 171165282 + 12 6 0 5 6 0 12513
_scaffold_1_000745 Y 171441848 171462741 + 20 8 10 8 7 10 23592
_scaffold_1_000811 Y 181526618 181540194 + 12 4 3 6 4 0 16077
_scaffold_1_000820 Y 185699023 185721458 + 28 5 7 15 5 7 25134
_scaffold_1_000823 Y 186724134 186733118 + 6 3 5 1 3 1 9858
_scaffold_1_000827 Y 187354856 187365793 + 20 2 3 14 2 3 14349
_scaffold_1_000846 Y 189562100 189572268 + 7 2 3 5 0 0 8506
_scaffold_1_000858 Y 190701724 190711318 + 11 3 6 5 2 1 12175
_scaffold_1_000867 Y 193539369 193552897 + 16 7 6 9 4 6 14018
_scaffold_1_000872 Y 195876358 195907542 + 20 5 4 13 2 4 30023
_scaffold_1_000882 Y 198184799 198197096 + 7 4 8 3 1 3 8489
_scaffold_1_000898 Y 199799337 199817028 + 17 5 5 11 5 3 17063
_scaffold_1_000909 Y 200398773 200411886 + 16 0 6 5 0 2 15914
_scaffold_1_000925 Y 202390527 202405037 + 9 5 8 2 3 4 11777
_scaffold_1_000929 Y 203173625 203191278 + 19 4 2 8 3 2 23701
_scaffold_1_000930 Y 203298901 203314450 + 11 1 7 5 0 7 14202
_scaffold_1_000966 Y 210831483 210845496 + 10 5 5 7 5 4 15664
_scaffold_1_000985 Y 216642264 216653376 + 17 8 0 10 6 0 27320
_scaffold_1_001015 Y 219523862 219534521 + 8 5 4 2 1 1 3018
_scaffold_1_001023 Y 221106541 221127734 + 33 7 3 19 7 3 22964
_scaffold_1_001045 Y 225176150 225191245 + 18 3 1 8 1 0 21266
_scaffold_1_001055 Y 227300609 227314482 + 22 4 8 11 4 2 22591
_scaffold_1_001139 Y 242081078 242097855 + 23 4 7 7 0 0 12248
_scaffold_1_001158 Y 245308352 245319699 + 16 6 5 9 6 5 17942
_scaffold_1_001163 Y 246382986 246400288 + 26 8 12 17 8 12 17520
_scaffold_1_001176 Y 249870352 249888424 + 16 9 5 9 3 5 14725
_scaffold_1_001184 Y 252276869 252300290 + 19 0 2 11 0 1 24566
_scaffold_1_001203 Y 253657462 253668472 + 10 4 1 5 1 1 10421
_scaffold_1_001204 Y 253661124 253670098 + 8 3 0 3 3 0 10773
_scaffold_1_001242 Y 260274630 260289234 + 14 8 11 3 6 8 10935
_scaffold_1_001272 Y 264931924 264946741 + 10 4 3 4 3 2 5808
_scaffold_1_001292 Y 270765723 270847551 + 78 9 4 27 6 4 47186
_scaffold_1_001307 Y 274305423 274318539 + 16 5 8 7 5 1 13427
_scaffold_1_001346 Y 276342043 276352908 + 9 3 2 7 2 2 23544
_scaffold_1_001351 Y 276814344 276843082 + 21 4 5 8 4 5 16332
_scaffold_1_001357 Y 278104755 278138508 + 50 5 10 16 5 9 30805
_scaffold_1_001383 Y 282208410 282223635 + 23 0 7 9 0 2 20447
_scaffold_1_001385 Y 282764046 282778053 + 10 1 4 3 1 3 7756
_scaffold_1_001391 Y 283797744 283834388 + 50 7 2 21 3 2 24726
_scaffold_1_001397 Y 284342727 284365863 + 26 0 6 20 0 5 31771
_scaffold_1_001399 Y 284639481 284652974 + 9 8 0 7 5 0 10686
_scaffold_1_001400 Y 284990932 285000961 + 13 8 3 7 6 2 18555
_scaffold_1_001419 Y 286763370 286772781 + 7 6 0 7 3 0 13566
_scaffold_1_001433 Y 288407990 288419182 + 14 0 2 9 0 2 22114
_scaffold_1_001490 Y 302904019 302915245 + 17 3 4 8 3 0 23351
_scaffold_1_001525 Y 310099347 310111311 + 7 4 3 3 4 3 10758
_scaffold_1_001527 Y 310278908 310296345 + 9 7 4 3 2 1 8932
_scaffold_1_001532 Y 310578595 310592964 + 15 1 7 7 1 3 10897
_scaffold_1_001545 Y 311122570 311139679 + 22 4 10 8 4 5 20724
_scaffold_1_001559 Y 318307592 318317335 + 10 1 4 3 1 1 10246
_scaffold_1_001574 Y 322831272 322851438 + 19 4 8 15 4 5 19108
_scaffold_1_001598 Y 328013564 328026205 + 14 5 9 7 5 3 15615
_scaffold_1_001603 Y 329953919 329987981 + 27 3 5 6 3 2 15812
_scaffold_1_001618 Y 334398601 334416406 + 18 0 0 11 0 0 28056
_scaffold_1_001623 Y 335979713 336004672 + 38 6 10 9 6 7 19534
_scaffold_1_001640 Y 339896652 339932910 + 27 3 9 1 2 0 9834
_scaffold_1_001649 Y 341918271 341930966 + 11 2 2 2 0 1 5564
_scaffold_1_001652 Y 342197499 342217820 + 15 11 7 7 9 2 17816
_scaffold_1_001678 Y 348308094 348318728 + 19 6 5 11 2 1 14036
_scaffold_1_001680 Y 350008400 350018295 + 10 2 2 4 0 0 4547
_scaffold_1_001685 Y 350192679 350204669 + 17 3 5 9 3 3 12618
_scaffold_1_001700 Y 353029404 353040859 + 11 3 1 6 2 1 14463
_scaffold_1_001718 Y 355861697 355884182 + 31 5 6 17 5 4 18862
_scaffold_1_001726 Y 357155703 357164762 + 14 7 4 12 2 4 23344
_scaffold_1_001727 Y 357326699 357336841 + 8 2 0 7 2 0 18328
_scaffold_1_001744 Y 360899953 360912237 + 16 10 0 13 6 0 17524
_scaffold_1_001745 Y 360916564 360930258 + 14 0 4 6 0 4 17187
_scaffold_1_001746 Y 360924177 360934815 + 5 5 2 4 2 2 19546
_scaffold_1_001747 Y 360934712 360945024 + 14 2 10 12 2 10 27054
_scaffold_1_001748 Y 361033384 361048150 + 13 5 6 7 1 6 12835
_scaffold_1_001749 Y 361529049 361544780 + 7 13 4 3 2 4 17474
_scaffold_1_001751 Y 361854686 361867129 + 10 5 3 6 5 3 16375
_scaffold_1_001753 Y 361921941 361932162 + 13 2 2 3 2 2 16284
_scaffold_1_001764 Y 363268994 363287623 + 27 0 0 12 0 0 31704
_scaffold_1_001774 Y 364569448 364577902 + 8 1 4 4 1 0 8024
_scaffold_1_001775 Y 364748792 364776724 + 17 5 0 15 2 0 33345
_scaffold_1_001776 Y 364808686 364817449 + 17 9 4 10 4 0 12157
_scaffold_1_001777 Y 364816122 364825220 + 9 8 2 1 6 2 6870
_scaffold_1_001778 Y 364867184 364890135 + 13 5 7 7 4 4 24495
_scaffold_1_001780 Y 365143917 365157850 + 10 8 1 2 6 1 15910
_scaffold_1_001783 Y 365315210 365330435 + 22 7 6 12 7 0 12773
_scaffold_1_001789 Y 365623041 365636112 + 19 4 5 8 4 2 12459
_scaffold_1_001791 Y 366036060 366045232 + 14 8 6 4 4 6 23534
_scaffold_1_001810 Y 367467429 367487832 + 13 2 1 9 1 0 23457
_scaffold_1_001812 Y 367706362 367736505 + 29 5 1 20 5 1 44986
_scaffold_1_001834 Y 369331252 369352501 + 15 7 0 7 7 0 16393
_scaffold_1_001835 Y 369408434 369422313 + 18 6 0 6 5 0 15537
_scaffold_1_001845 Y 371835058 371852853 + 16 4 2 9 0 2 16016
_scaffold_1_001853 Y 377064932 377087492 + 34 6 0 17 3 0 28856
_scaffold_1_001854 Y 377122623 377132352 + 4 1 6 0 0 0 2275
_scaffold_1_001855 Y 377399418 377410204 + 7 12 4 7 9 4 17472
_scaffold_1_001860 Y 377946497 377957401 + 5 2 7 2 2 7 9838
_scaffold_1_001878 Y 380682295 380696700 + 21 7 9 12 3 8 16245
_scaffold_1_001881 Y 381462666 381477606 + 13 3 3 5 3 1 16825
_scaffold_1_001890 Y 383104019 383116614 + 17 9 10 3 2 4 8834
_scaffold_1_001913 Y 385630681 385662300 + 36 7 5 17 4 5 19002
_scaffold_1_001919 Y 387717123 387732769 + 12 2 1 8 2 1 18410
_scaffold_1_001941 Y 392324556 392333395 + 10 0 7 8 0 7 22455
_scaffold_1_001957 Y 394135890 394146252 + 7 11 4 6 4 4 12086
_scaffold_1_001971 Y 395408775 395420616 + 20 11 2 9 6 2 18221
_scaffold_1_001982 Y 396923246 396938957 + 20 0 3 13 0 1 26810
_scaffold_1_001995 Y 398341224 398362905 + 16 6 7 7 3 7 15694
_scaffold_1_002004 Y 398703599 398712861 + 8 4 7 3 4 0 10747
_scaffold_1_002012 Y 399792901 399813489 + 26 2 0 11 2 0 18169
_scaffold_1_002020 Y 401772540 401784025 + 17 11 5 8 11 5 15265
_scaffold_1_002045 Y 408408834 408427206 + 16 10 5 3 10 5 14756
_scaffold_1_002100 Y 405626202 405637636 - 13 10 1 5 8 0 6272
_scaffold_1_002110 Y 404363466 404372930 - 9 5 1 3 5 0 7385
_scaffold_1_002128 Y 402015090 402030128 - 17 2 9 7 1 3 12091
_scaffold_1_002129 Y 401386917 401400874 - 11 4 0 9 4 0 20645
_scaffold_1_002135 Y 400442223 400454655 - 12 5 5 4 5 4 13120
_scaffold_1_002140 Y 399955627 399969723 - 23 7 6 17 7 6 18075
_scaffold_1_002142 Y 399550917 399584137 - 49 5 4 19 2 0 18897
_scaffold_1_002156 Y 396830004 396853821 - 31 8 0 13 7 0 50386
_scaffold_1_002165 Y 395457690 395483187 - 42 4 2 19 2 1 35596
_scaffold_1_002170 Y 395108562 395121776 - 22 6 11 9 6 6 13902
_scaffold_1_002188 Y 392432742 392442459 - 13 0 2 5 0 0 4399
_scaffold_1_002193 Y 391289397 391316520 - 44 5 3 14 5 0 27823
_scaffold_1_002243 Y 384270912 384288100 - 19 4 5 3 4 1 17266
_scaffold_1_002260 Y 377938477 377952725 - 8 2 6 6 2 6 12585
_scaffold_1_002271 Y 377124492 377136240 - 10 2 1 0 0 0 3132
_scaffold_1_002280 Y 374601270 374622959 - 16 4 5 10 4 3 14381
_scaffold_1_002281 Y 374594056 374608020 - 16 4 9 9 3 9 11739
_scaffold_1_002305 Y 370017389 370026004 - 10 5 0 7 2 0 19203
_scaffold_1_002308 Y 369426240 369445298 - 14 0 1 11 0 1 32204
_scaffold_1_002318 Y 367149357 367162431 - 15 0 1 5 0 0 9223
_scaffold_1_002332 Y 365378682 365387719 - 15 4 7 15 4 6 32826
_scaffold_1_002337 Y 364822507 364833718 - 15 4 3 6 4 0 14771
_scaffold_1_002344 Y 364290827 364302149 - 10 4 6 6 4 2 16519
_scaffold_1_002348 Y 363577865 363590449 - 14 1 3 9 1 3 24035
_scaffold_1_002361 Y 361538883 361548513 - 5 6 2 5 6 1 14954
_scaffold_1_002380 Y 358276998 358288754 - 14 5 0 10 5 0 23758
_scaffold_1_002395 Y 356469696 356483574 - 15 11 0 11 4 0 20604
_scaffold_1_002420 Y 354937704 354949907 - 16 8 8 4 8 1 10639
_scaffold_1_002446 Y 350612724 350623127 - 18 3 4 2 1 2 9244
_scaffold_1_002447 Y 350425058 350435324 - 14 5 0 7 5 0 18728
_scaffold_1_002476 Y 343646058 343662611 - 15 6 14 4 6 13 15908
_scaffold_1_002500 Y 337770222 337782846 - 13 8 3 4 4 3 10117
_scaffold_1_002507 Y 335005959 335025758 - 23 4 5 9 4 3 13357
_scaffold_1_002570 Y 325025655 325042464 - 30 6 1 8 2 0 12586
_scaffold_1_002648 Y 311342143 311355653 - 17 5 11 5 2 7 10677
_scaffold_1_002651 Y 310208566 310224884 - 15 9 2 4 6 1 18480
_scaffold_1_002654 Y 309876624 309893766 - 20 6 2 9 6 1 16789
_scaffold_1_002686 Y 297108227 297122000 - 19 7 7 10 5 7 14304
_scaffold_1_002688 Y 296100340 296132091 - 51 5 6 26 5 6 41045
_scaffold_1_002734 Y 290082256 290111361 - 29 1 0 11 0 0 20875
_scaffold_1_002748 Y 287650531 287668816 - 15 3 8 8 3 8 13150
_scaffold_1_002752 Y 287236490 287278093 - 44 16 6 15 16 5 58184
_scaffold_1_002759 Y 286883983 286894109 - 12 6 3 5 4 3 13427
_scaffold_1_002765 Y 286519194 286548225 - 32 7 3 16 1 2 37359
_scaffold_1_002766 Y 285934144 285947779 - 10 3 7 4 2 3 12035
_scaffold_1_002767 Y 285469448 285487943 - 14 1 8 6 0 4 12911
_scaffold_1_002769 Y 285241089 285253836 - 20 6 6 5 6 2 10987
_scaffold_1_002782 Y 282324126 282334091 - 8 4 3 7 4 0 14990
_scaffold_1_002783 Y 282227412 282254206 - 11 3 7 7 2 1 14330
_scaffold_1_002810 Y 280135480 280156520 - 22 5 0 12 5 0 29559
_scaffold_1_002813 Y 279391442 279411126 - 16 5 2 3 4 1 14348
_scaffold_1_002871 Y 269650614 269663726 - 16 0 5 9 0 5 21708
_scaffold_1_002872 Y 269532490 269549619 - 18 9 8 13 7 0 16580
_scaffold_1_002873 Y 268634673 268652453 - 21 7 0 14 7 0 23595
_scaffold_1_002884 Y 267127205 267136848 - 12 5 3 2 2 2 9550
_scaffold_1_002885 Y 267025435 267036495 - 15 4 0 10 2 0 15618
_scaffold_1_002907 Y 263043893 263067973 - 34 1 7 23 1 6 34526
_scaffold_1_002917 Y 262129055 262151385 - 33 3 5 13 2 4 22122
_scaffold_1_002929 Y 260336396 260349025 - 9 5 6 6 5 6 20148
_scaffold_1_002934 Y 259365792 259381889 - 3 5 2 0 0 1 1945
_scaffold_1_002941 Y 259309931 259319330 - 7 1 6 0 0 3 12615
_scaffold_1_002942 Y 258685052 258702766 - 13 4 5 5 2 4 13991
_scaffold_1_002958 Y 255354523 255374972 - 22 13 10 10 6 2 23816
_scaffold_1_003000 Y 245464627 245476330 - 13 7 3 2 2 0 8630
_scaffold_1_003001 Y 245411203 245424818 - 1 4 2 0 1 0 1631
_scaffold_1_003033 Y 243291235 243313195 - 28 0 5 15 0 5 22811
_scaffold_1_003056 Y 238744382 238763696 - 16 6 5 10 6 0 12625
_scaffold_1_003062 Y 237592309 237607096 - 15 0 5 10 0 5 19378
_scaffold_1_003081 Y 234725034 234734678 - 9 8 2 6 8 0 12338
_scaffold_1_003103 Y 231903213 231914482 - 12 1 7 4 1 6 23147
_scaffold_1_003134 Y 227419780 227433459 - 17 7 2 4 1 1 10029
_scaffold_1_003149 Y 225886749 225904695 - 16 7 5 2 4 2 8628
_scaffold_1_003150 Y 225880364 225893724 - 12 2 5 4 0 5 8716
_scaffold_1_003158 Y 224195575 224207652 - 18 8 6 13 8 6 15657
_scaffold_1_003235 Y 208714031 208725227 - 14 0 5 9 0 4 22346
_scaffold_1_003250 Y 205522275 205533085 - 9 3 4 7 3 0 8111
_scaffold_1_003259 Y 203199306 203211332 - 16 6 9 4 0 2 13259
_scaffold_1_003260 Y 202397230 202406676 - 15 0 2 6 0 0 12462
_scaffold_1_003261 Y 202187278 202218882 - 24 0 3 10 0 3 13835
_scaffold_1_003275 Y 200594406 200610961 - 27 5 0 14 2 0 23016
_scaffold_1_003282 Y 200058372 200067541 - 6 4 4 4 4 0 12423
_scaffold_1_003286 Y 199674557 199686595 - 13 1 3 6 0 3 8465
_scaffold_1_003288 Y 198976849 198985860 - 12 1 1 8 1 1 22820
_scaffold_1_003294 Y 198842898 198854539 - 9 3 2 4 1 2 9940
_scaffold_1_003338 Y 193712592 193738358 - 22 2 13 10 2 8 19911
_scaffold_1_003350 Y 192013194 192026336 - 16 0 12 6 0 12 15820
_scaffold_1_003352 Y 190705266 190715173 - 10 4 7 2 4 4 13685
_scaffold_1_003362 Y 189942673 189963123 - 24 2 5 12 2 0 17308
_scaffold_1_003365 Y 189787462 189796946 - 13 4 8 2 4 1 14062
_scaffold_1_003366 Y 189745509 189757534 - 5 4 8 2 4 8 8809
_scaffold_1_003379 Y 188594856 188613962 - 13 10 4 9 6 3 18148
_scaffold_1_003380 Y 188431776 188455300 - 22 1 6 10 0 2 9398
_scaffold_1_003382 Y 188062832 188080000 - 35 0 6 29 0 4 34858
_scaffold_1_003413 Y 182507072 182519322 - 14 4 6 13 4 6 15737
_scaffold_1_003425 Y 179408954 179420865 - 13 10 4 5 10 2 17612
_scaffold_1_003463 Y 171263037 171272644 - 14 0 5 9 0 5 18121
_scaffold_1_003469 Y 170586918 170597653 - 13 4 6 6 4 6 20458
_scaffold_1_003502 Y 165359156 165370571 - 15 0 1 14 0 1 22469
_scaffold_1_003509 Y 162867714 162877290 - 12 3 0 2 1 0 4668
_scaffold_1_003530 Y 157427841 157441513 - 23 7 5 6 1 5 16789
_scaffold_1_003537 Y 156544455 156553594 - 14 16 0 8 0 0 13670
_scaffold_1_003538 Y 156428231 156444773 - 10 4 10 1 4 2 9956
_scaffold_1_003544 Y 155832748 155841560 - 10 0 1 5 0 1 19438
_scaffold_1_003553 Y 155324511 155333722 - 6 2 4 0 2 4 11613
_scaffold_1_003555 Y 155279900 155295717 - 17 1 9 2 0 2 9735
_scaffold_1_003557 Y 155249059 155260402 - 20 5 6 3 5 6 13114
_scaffold_1_003562 Y 155114040 155127989 - 18 2 3 5 0 2 8513
_scaffold_1_003564 Y 155085731 155098518 - 9 4 2 2 4 1 12846
_scaffold_1_003565 Y 155073280 155088765 - 14 3 2 1 0 0 4415
_scaffold_1_003566 Y 155063705 155073101 - 5 8 0 0 0 0 3089
_scaffold_1_003568 Y 155055917 155065003 - 3 3 4 1 0 1 2340
_scaffold_1_003569 Y 155033150 155050000 - 8 4 0 1 2 0 3579
_scaffold_1_003570 Y 155029035 155038764 - 5 0 2 0 0 0 1426
_scaffold_1_003572 Y 153954563 153972077 - 20 7 2 5 4 0 6873
_scaffold_1_003574 Y 153814423 153831093 - 18 0 4 5 0 4 13630
_scaffold_1_003575 Y 153790722 153806155 - 12 0 0 8 0 0 24425
_scaffold_1_003596 Y 153162788 153173684 - 10 3 15 4 0 5 11639
_scaffold_1_003605 Y 152355080 152367153 - 12 0 6 10 0 6 21784
_scaffold_1_003606 Y 152279085 152315814 - 18 0 1 9 0 0 23504
_scaffold_1_003607 Y 152272723 152282120 - 6 2 1 2 2 0 3108
_scaffold_1_003630 Y 146204147 146225383 - 18 4 2 12 4 1 15525
_scaffold_1_003637 Y 145563932 145590170 - 28 6 0 15 6 0 41829
_scaffold_1_003653 Y 141858046 141877865 - 17 5 0 9 2 0 18961
_scaffold_1_003681 Y 137296677 137314463 - 20 3 6 10 0 6 10603
_scaffold_1_003688 Y 134626659 134642404 - 23 4 3 8 2 3 18901
_scaffold_1_003706 Y 130062472 130077633 - 14 0 2 8 0 2 22640
_scaffold_1_003717 Y 128718218 128728374 - 12 0 4 8 0 4 16073
_scaffold_1_003771 Y 118214391 118224553 - 9 2 5 0 0 1 4863
_scaffold_1_003800 Y 114068640 114092763 - 31 3 4 13 3 2 18154
_scaffold_1_003834 Y 105413819 105425430 - 16 10 2 8 9 2 17494
_scaffold_1_003844 Y 103220834 103238082 - 15 1 3 11 1 3 20776
_scaffold_1_003845 Y 103138671 103153462 - 22 8 2 11 7 1 17063
_scaffold_1_003860 Y 99795472 99806638 - 11 2 0 9 1 0 21018
_scaffold_1_003861 Y 99306104 99319207 - 14 5 6 5 4 6 17593
_scaffold_1_003873 Y 95147345 95160397 - 15 4 0 12 4 0 21943
_scaffold_1_003878 Y 93498851 93512167 - 21 10 3 6 7 2 9065
_scaffold_1_003883 Y 91364944 91375116 - 13 4 1 6 2 1 10335
_scaffold_1_003902 Y 88701536 88714081 - 17 4 4 7 2 4 20943
_scaffold_1_003921 Y 84757268 84780321 - 28 3 0 16 2 0 18676
_scaffold_1_003929 Y 82199822 82212384 - 23 0 1 10 0 0 19914
_scaffold_1_003935 Y 81455999 81469319 - 19 7 6 9 5 6 20686
_scaffold_1_003945 Y 79357638 79375291 - 16 7 7 3 7 2 10579
_scaffold_1_003946 Y 78863238 78880099 - 34 6 0 26 6 0 28755
_scaffold_1_003968 Y 77802945 77814516 - 12 10 6 11 6 0 9305
_scaffold_1_004000 Y 74467508 74493781 - 25 0 3 15 0 3 32315
_scaffold_1_004014 Y 72772722 72796297 - 24 4 11 24 4 8 30334
_scaffold_1_004017 Y 72492436 72507172 - 12 3 1 2 3 1 8741
_scaffold_1_004018 Y 72472560 72485358 - 15 2 8 4 1 2 5696
_scaffold_1_004037 Y 70393776 70403457 - 7 1 5 6 1 3 20085
_scaffold_1_004082 Y 62301675 62319829 - 23 0 7 12 0 7 10659
_scaffold_1_004095 Y 58784409 58805052 - 16 6 2 10 6 2 17576
_scaffold_1_004141 Y 52559222 52580867 - 23 4 4 8 4 4 24873
_scaffold_41_000003 Y 859844 877926 + 26 7 6 7 7 6 19528
_scaffold_41_000004 Y 1878764 1888491 + 10 0 0 7 0 0 22383
_scaffold_41_000011 Y 2005490 2017126 + 9 5 4 4 0 2 4703
_scaffold_41_000013 Y 2330656 2345374 + 20 0 0 14 0 0 24917
_scaffold_41_000017 Y 2855986 2865747 + 11 3 4 7 3 4 10502
_scaffold_41_000034 Y 5866619 5875634 + 11 3 1 2 0 0 4786
_scaffold_41_000045 Y 8342702 8358413 + 20 2 4 9 2 4 21213
_scaffold_41_000069 Y 11017370 11026471 + 3 3 6 1 0 6 6067
_scaffold_41_000073 Y 11941160 11951167 + 12 5 10 10 5 4 13074
_scaffold_41_000096 Y 8428885 8439317 - 17 4 4 2 0 4 16027
_scaffold_41_000130 Y 2009968 2023716 - 16 6 5 9 6 1 9846
_scaffold_41_000132 Y 1011872 1023366 - 17 5 6 1 5 5 15273
