pop	chromosome	window_pos_1	window_pos_2	avg_pi	no_sites	count_diffs	count_comparisons	count_missing
FRA1	chrY	485030	485031	0.0	1	0	10	5
POL3	chrY	485030	485031	0.0	1	0	21	7
FRA1	chrY	654010	654011	0.0	1	0	6	6
POL3	chrY	654010	654011	0.0	1	0	10	9
FRA1	chrY	654322	654323	0.0	1	0	6	6
POL3	chrY	654322	654323	0.0	1	0	10	9
FRA1	chrY	1940423	1940424	0.4	1	4	10	5
POL3	chrY	1940423	1940424	0.0	1	0	10	9
POL3	chrY	1940661	1940662	0.0	1	0	10	9
FRA1	chrY	1940661	1940662	0.0	1	0	10	5
FRA1	chrY	2768033	2768034	0.0	1	0	10	5
POL3	chrY	2768033	2768034	0.0	1	0	10	9
POL3	chrY	6126937	6127057	0.0	117	0	1190	1049
FRA1	chrY	6126937	6127057	0.0	117	0	702	702
FRA1	chrY	6275018	6275019	0.0	1	0	6	6
POL3	chrY	6275018	6275019	0.0	1	0	21	7
POL3	chrY	7172189	7172190	0.0	1	0	21	7
FRA1	chrY	7172189	7172190	0.0	1	0	10	5
FRA1	chrY	9599131	9599132	0.0	1	0	10	5
POL3	chrY	9599131	9599132	0.0	1	0	21	7
FRA1	chrY	9639144	9639145	0.0	1	0	6	6
POL3	chrY	9639144	9639145	0.0	1	0	15	8
FRA1	chrY	10744203	10744204	0.0	1	0	6	6
POL3	chrY	10744203	10744204	0.0	1	0	15	8
POL3	chrY	10996083	10996207	0.0	107	0	1605	856
FRA1	chrY	10996083	10996207	0.0	107	0	642	642
POL3	chrY	14930907	14930908	0.0	1	0	21	7
FRA1	chrY	14930907	14930908	0.0	1	0	10	5
POL3	chrY	16712056	16712057	0.0	1	0	21	7
FRA1	chrY	16712056	16712057	0.0	1	0	10	5
POL3	chrY	18449256	18449257	0.0	1	0	15	8
FRA1	chrY	18449256	18449257	0.0	1	0	10	5
POL3	chrY	18857563	18857564	0.0	1	0	10	9
FRA1	chrY	18857563	18857564	0.0	1	0	6	6
FRA1	chrY	23339096	23339097	0.0	1	0	10	5
POL3	chrY	23339096	23339097	0.0	1	0	21	7
FRA1	chrY	23476757	23476758	0.0	1	0	10	5
POL3	chrY	23476757	23476758	0.0	1	0	21	7
POL3	chrY	27166802	27166803	0.0	1	0	21	7
FRA1	chrY	27166802	27166803	0.0	1	0	10	5
FRA1	chrY	29999089	29999090	0.0	1	0	6	6
POL3	chrY	29999089	29999090	0.0	1	0	15	8
FRA1	chrY	31104379	31104380	0.0	1	0	10	5
POL3	chrY	31104379	31104380	0.0	1	0	21	7
FRA1	chrY	31104616	31104617	0.0	1	0	10	5
POL3	chrY	31104616	31104617	0.0	1	0	21	7
FRA1	chrY	34090450	34090451	0.0	1	0	10	5
POL3	chrY	34090450	34090451	0.0	1	0	15	8
FRA1	chrY	34815083	34815084	0.0	1	0	10	5
POL3	chrY	34815083	34815084	0.0	1	0	15	8
POL3	chrY	39090172	39090297	0.0056980056980056	118	10	1755	947
FRA1	chrY	39090172	39090297	0.0	118	0	1016	631
FRA1	chrY	39477539	39477664	0.0	106	0	1000	545
POL3	chrY	39477539	39477664	0.0037735849056603	106	4	1060	954
POL3	chrY	39477822	39477940	0.0	105	0	1050	945
FRA1	chrY	39477822	39477940	0.0	105	0	990	540
FRA1	chrY	40996807	40996808	0.0	1	0	10	5
POL3	chrY	40996807	40996808	0.0	1	0	10	9
FRA1	chrY	41495159	41495160	0.0	1	0	6	6
POL3	chrY	41495159	41495160	0.0	1	0	21	7
FRA1	chrY	41752218	41752219	0.0	1	0	10	5
POL3	chrY	41752218	41752219	0.0	1	0	21	7
FRA1	chrY	41752427	41752428	0.0	1	0	10	5
POL3	chrY	41752427	41752428	0.0	1	0	21	7
POL3	chrY	41936259	41936260	0.0	1	0	15	8
FRA1	chrY	41936259	41936260	0.0	1	0	6	6
FRA1	chrY	42237150	42237151	0.0	1	0	10	5
POL3	chrY	42237150	42237151	0.0	1	0	21	7
FRA1	chrY	42310728	42310729	0.0	1	0	10	5
POL3	chrY	42310728	42310729	0.0	1	0	15	8
FRA1	chrY	42311130	42311131	0.0	1	0	10	5
POL3	chrY	42311130	42311131	0.0	1	0	15	8
FRA1	chrY	42932671	42932672	0.0	1	0	6	6
POL3	chrY	42932671	42932672	0.0	1	0	15	8
FRA1	chrY	42933063	42933064	0.0	1	0	10	5
POL3	chrY	42933063	42933064	0.0	1	0	21	7
POL3	chrY	43698891	43698892	0.0	1	0	15	8
FRA1	chrY	43698891	43698892	0.0	1	0	10	5
POL3	chrY	44756912	44756913	0.0	1	0	21	7
FRA1	chrY	44756912	44756913	0.0	1	0	10	5
POL3	chrY	45613372	45613373	0.0	1	0	15	8
FRA1	chrY	45613372	45613373	0.0	1	0	6	6
POL3	chrY	46420882	46420883	0.0	1	0	21	7
FRA1	chrY	46420882	46420883	0.0	1	0	10	5
POL3	chrY	47167903	47167904	0.0	1	0	15	8
FRA1	chrY	47167903	47167904	0.0	1	0	10	5
FRA1	chrY	47168218	47168219	0.0	1	0	10	5
POL3	chrY	47168218	47168219	0.0	1	0	15	8
POL3	chrY	47465132	47465252	0.0	106	0	1104	946
FRA1	chrY	47465132	47465252	0.0	106	0	960	555
FRA1	chrY	48363353	48363354	0.0	1	0	10	5
POL3	chrY	48363353	48363354	0.0	1	0	10	9
FRA1	chrY	48363653	48363654	0.0	1	0	10	5
POL3	chrY	48363653	48363654	0.0	1	0	10	9
FRA1	chrY	53046442	53046443	0.0	1	0	10	5
POL3	chrY	53046442	53046443	0.0	1	0	21	7
FRA1	chrY	55908127	55908128	0.0	1	0	6	6
POL3	chrY	55908127	55908128	0.0	1	0	10	9
POL3	chrY	55982888	55982889	0.0	1	0	15	8
FRA1	chrY	55982888	55982889	0.0	1	0	10	5
FRA1	chrY	57560517	57560518	0.0	1	0	10	5
POL3	chrY	57560517	57560518	0.0	1	0	15	8
FRA1	chrY	57560744	57560745	0.0	1	0	10	5
POL3	chrY	57560744	57560745	0.0	1	0	15	8
POL3	chrY	59383381	59383382	0.0	1	0	21	7
FRA1	chrY	59383381	59383382	0.0	1	0	6	6
POL3	chrY	60029185	60029186	0.0	1	0	15	8
FRA1	chrY	60029185	60029186	0.0	1	0	6	6
POL3	chrY	61131784	61131785	0.0	1	0	21	7
FRA1	chrY	61131784	61131785	0.0	1	0	10	5
POL3	chrY	61912235	61912236	0.0	1	0	21	7
FRA1	chrY	61912235	61912236	0.0	1	0	6	6
FRA1	chrY	69540430	69540431	0.0	1	0	10	5
POL3	chrY	69540430	69540431	0.0	1	0	21	7
FRA1	chrY	69931386	69931387	0.0	1	0	6	6
POL3	chrY	69931386	69931387	0.0	1	0	15	8
POL3	chrY	70962889	70962890	0.0	1	0	21	7
FRA1	chrY	70962889	70962890	0.0	1	0	10	5
FRA1	chrY	72988891	72989011	0.0	101	0	606	606
POL3	chrY	72988891	72989011	0.0	101	0	1010	909
FRA1	chrY	74277979	74278104	0.0	125	0	1210	635
POL3	chrY	74277979	74278104	0.0	125	0	2283	932
POL3	chrY	74278243	74278358	0.0023020257826887	116	5	2172	856
FRA1	chrY	74278243	74278358	0.0	116	0	1152	582
POL3	chrY	76176218	76176219	0.0	1	0	21	7
FRA1	chrY	76176218	76176219	0.0	1	0	10	5
POL3	chrY	76895470	76895471	0.0	1	0	15	8
FRA1	chrY	76895470	76895471	0.0	1	0	10	5
POL3	chrY	76895738	76895739	0.0	1	0	15	8
FRA1	chrY	76895738	76895739	0.0	1	0	10	5
POL3	chrY	77537546	77537547	0.0	1	0	21	7
FRA1	chrY	77537546	77537547	0.0	1	0	6	6
FRA1	chrY	77537698	77537699	0.0	1	0	6	6
POL3	chrY	77537698	77537699	0.0	1	0	21	7
POL3	chrY	79483342	79483459	0.0	110	0	1105	989
FRA1	chrY	79483342	79483459	0.0181818181818181	110	20	1100	550
FRA1	chrY	82272833	82272834	0.0	1	0	10	5
POL3	chrY	82272833	82272834	0.0	1	0	21	7
FRA1	chrY	82273226	82273227	0.0	1	0	10	5
POL3	chrY	82273226	82273227	0.0	1	0	21	7
FRA1	chrY	83213575	83213576	0.0	1	0	6	6
POL3	chrY	83213575	83213576	0.0	1	0	21	7
POL3	chrY	83213895	83213896	0.0	1	0	21	7
FRA1	chrY	83213895	83213896	0.0	1	0	6	6
FRA1	chrY	83452686	83452687	0.0	1	0	10	5
POL3	chrY	83452686	83452687	0.0	1	0	15	8
FRA1	chrY	84261869	84261870	0.0	1	0	10	5
POL3	chrY	84261869	84261870	0.0	1	0	10	9
POL3	chrY	85646137	85646138	0.0	1	0	21	7
FRA1	chrY	85646137	85646138	0.0	1	0	10	5
FRA1	chrY	85646534	85646535	0.0	1	0	10	5
POL3	chrY	85646534	85646535	0.0	1	0	21	7
POL3	chrY	88267853	88267854	0.0	1	0	10	9
FRA1	chrY	88267853	88267854	0.5	1	3	6	6
FRA1	chrY	88268296	88268297	0.0	1	0	10	5
POL3	chrY	88268296	88268297	0.0	1	0	15	8
FRA1	chrY	90529171	90529172	0.0	1	0	10	5
POL3	chrY	90529171	90529172	0.0	1	0	21	7
FRA1	chrY	90529498	90529499	0.0	1	0	10	5
POL3	chrY	90529498	90529499	0.0	1	0	21	7
FRA1	chrY	92977486	92977487	0.0	1	0	10	5
POL3	chrY	92977486	92977487	0.0	1	0	15	8
POL3	chrY	94026765	94026766	0.0	1	0	21	7
FRA1	chrY	94026765	94026766	0.0	1	0	6	6
FRA1	chrY	94405797	94405917	0.0	120	0	1176	606
POL3	chrY	94405797	94405917	0.0	120	0	1620	996
FRA1	chrY	95406495	95406496	0.0	1	0	10	5
POL3	chrY	95406495	95406496	0.0	1	0	15	8
FRA1	chrY	95406774	95406775	0.0	1	0	10	5
POL3	chrY	95406774	95406775	0.0	1	0	15	8
FRA1	chrY	97134677	97134678	0.0	1	0	6	6
POL3	chrY	97134677	97134678	0.0	1	0	21	7
FRA1	chrY	97134810	97134811	0.0	1	0	6	6
POL3	chrY	97134810	97134811	0.0	1	0	21	7
FRA1	chrY	98201266	98201267	0.0	1	0	10	5
POL3	chrY	98201266	98201267	0.0	1	0	21	7
FRA1	chrY	98967903	98967904	0.0	1	0	10	5
POL3	chrY	98967903	98967904	0.0	1	0	21	7
FRA1	chrY	98968050	98968051	0.0	1	0	10	5
POL3	chrY	98968050	98968051	0.0	1	0	21	7
FRA1	chrY	99002755	99002756	0.0	1	0	6	6
POL3	chrY	99002755	99002756	0.0	1	0	21	7
FRA1	chrY	102113585	102113586	0.0	1	0	6	6
POL3	chrY	102113585	102113586	0.0	1	0	15	8
FRA1	chrY	102113751	102113752	0.0	1	0	6	6
POL3	chrY	102113751	102113752	0.0	1	0	15	8
POL3	chrY	102867714	102867715	0.0	1	0	21	7
FRA1	chrY	102867714	102867715	0.0	1	0	10	5
POL3	chrY	102868064	102868065	0.0	1	0	21	7
FRA1	chrY	102868064	102868065	0.0	1	0	10	5
POL3	chrY	103038803	103038804	0.0	1	0	15	8
FRA1	chrY	103038803	103038804	0.0	1	0	10	5
FRA1	chrY	103039272	103039273	0.0	1	0	10	5
POL3	chrY	103039272	103039273	0.0	1	0	21	7
FRA1	chrY	103629706	103629707	0.0	1	0	6	6
POL3	chrY	103629706	103629707	0.0	1	0	15	8
FRA1	chrY	106072986	106072987	0.0	1	0	10	5
POL3	chrY	106072986	106072987	0.0	1	0	21	7
POL3	chrY	108232323	108232324	0.0	1	0	15	8
FRA1	chrY	108232323	108232324	0.0	1	0	10	5
FRA1	chrY	108232586	108232587	0.0	1	0	10	5
POL3	chrY	108232586	108232587	0.0	1	0	15	8
FRA1	chrY	112042437	112042438	0.0	1	0	6	6
POL3	chrY	112042437	112042438	0.0	1	0	21	7
POL3	chrY	112509962	112509963	0.0	1	0	21	7
FRA1	chrY	112509962	112509963	0.0	1	0	10	5
FRA1	chrY	112510203	112510204	0.0	1	0	6	6
POL3	chrY	112510203	112510204	0.0	1	0	21	7
POL3	chrY	112804378	112804379	0.0	1	0	21	7
FRA1	chrY	112804378	112804379	0.0	1	0	10	5
FRA1	chrY	112804530	112804531	0.0	1	0	10	5
POL3	chrY	112804530	112804531	0.0	1	0	21	7
FRA1	chrY	114022238	114022239	0.0	1	0	10	5
POL3	chrY	114022238	114022239	0.0	1	0	21	7
FRA1	chrY	114240087	114240202	0.0	105	0	630	630
POL3	chrY	114240087	114240202	0.0	105	0	1050	945
POL3	chrY	114322134	114322135	0.0	1	0	10	9
FRA1	chrY	114322134	114322135	0.0	1	0	10	5
FRA1	chrY	114322409	114322416	0.0	7	0	70	35
POL3	chrY	114322409	114322416	0.0	7	0	70	63
FRA1	chrY	114366914	114367031	0.0084985835694051	117	6	706	701
POL3	chrY	114366914	114367031	0.0033869602032176	117	4	1181	1051
POL3	chrY	114367147	114367272	0.0032	125	4	1250	1125
FRA1	chrY	114367147	114367272	0.0	125	0	750	750
POL3	chrY	117359877	117359878	0.0	1	0	15	8
FRA1	chrY	117359877	117359878	0.0	1	0	10	5
POL3	chrY	117376408	117376409	0.0	1	0	15	8
FRA1	chrY	117376408	117376409	0.0	1	0	6	6
POL3	chrY	117376622	117376623	NA	0	NA	NA	NA
FRA1	chrY	117376622	117376623	NA	0	NA	NA	NA
POL3	chrY	117376699	117376700	0.0	1	0	15	8
FRA1	chrY	117376699	117376700	0.0	1	0	6	6
POL3	chrY	117495066	117495067	0.0	1	0	21	7
FRA1	chrY	117495066	117495067	0.0	1	0	10	5
FRA1	chrY	117495393	117495394	0.0	1	0	10	5
POL3	chrY	117495393	117495394	0.0	1	0	21	7
POL3	chrY	119843689	119843690	0.0	2	0	36	15
FRA1	chrY	119843689	119843690	0.0	2	0	20	10
POL3	chrY	119843717	119843721	0.0	4	0	73	30
FRA1	chrY	119843717	119843721	0.0	4	0	40	20
POL3	chrY	122191306	122191307	0.0	1	0	10	9
FRA1	chrY	122191306	122191307	0.0	1	0	10	5
POL3	chrY	125782343	125782344	0.0	1	0	15	8
FRA1	chrY	125782343	125782344	0.0	1	0	10	5
FRA1	chrY	125782634	125782635	0.0	1	0	10	5
POL3	chrY	125782634	125782635	0.0	1	0	15	8
FRA1	chrY	126071337	126071338	0.0	1	0	6	6
POL3	chrY	126071337	126071338	0.0	1	0	15	8
POL3	chrY	127652569	127652570	0.0	1	0	10	9
FRA1	chrY	127652569	127652570	0.5	1	3	6	6
POL3	chrY	127652747	127652748	0.0	1	0	15	8
FRA1	chrY	127652747	127652748	0.0	1	0	10	5
POL3	chrY	128972137	128972262	0.0	122	0	1795	983
FRA1	chrY	128972137	128972262	0.0	122	0	960	675
FRA1	chrY	128972451	128972570	0.0	114	0	1008	603
POL3	chrY	128972451	128972570	0.0	114	0	1690	916
FRA1	chrY	131041626	131041627	0.0	1	0	10	5
POL3	chrY	131041626	131041627	0.0	1	0	21	7
FRA1	chrY	134658615	134658616	0.0	1	0	10	5
POL3	chrY	134658615	134658616	0.0	1	0	21	7
POL3	chrY	135796094	135796095	0.0	1	0	15	8
FRA1	chrY	135796094	135796095	0.0	1	0	10	5
FRA1	chrY	136420881	136420882	0.0	1	0	10	5
POL3	chrY	136420881	136420882	0.0	1	0	21	7
FRA1	chrY	136421201	136421202	0.0	1	0	10	5
POL3	chrY	136421201	136421202	0.0	1	0	21	7
POL3	chrY	136646736	136646737	0.0	1	0	21	7
FRA1	chrY	136646736	136646737	0.0	1	0	10	5
FRA1	chrY	136647007	136647008	0.0	1	0	10	5
POL3	chrY	136647007	136647008	0.0	1	0	21	7
FRA1	chrY	139038053	139038054	0.0	1	0	6	6
POL3	chrY	139038053	139038054	0.0	1	0	10	9
POL3	chrY	140493370	140493371	0.0	1	0	21	7
FRA1	chrY	140493370	140493371	0.0	1	0	10	5
POL3	chrY	141165999	141166000	0.0	1	0	10	9
FRA1	chrY	141165999	141166000	0.0	1	0	6	6
FRA1	chrY	141170810	141170811	0.0	1	0	10	5
POL3	chrY	141170810	141170811	0.0	1	0	15	8
POL3	chrY	141244934	141244935	0.0	1	0	21	7
FRA1	chrY	141244934	141244935	0.0	1	0	6	6
POL3	chrY	141269589	141269590	0.0	1	0	21	7
FRA1	chrY	141269589	141269590	0.0	1	0	6	6
POL3	chrY	141271040	141271041	0.0	1	0	21	7
FRA1	chrY	141271040	141271041	0.0	1	0	6	6
POL3	chrY	141271397	141271398	0.0	1	0	21	7
FRA1	chrY	141271397	141271398	0.0	1	0	10	5
FRA1	chrY	142576065	142576066	0.0	1	0	10	5
POL3	chrY	142576065	142576066	0.0	1	0	10	9
FRA1	chrY	142841114	142841115	0.0	1	0	6	6
POL3	chrY	142841114	142841115	0.0	1	0	10	9
FRA1	chrY	142841447	142841448	0.0	1	0	6	6
POL3	chrY	142841447	142841448	0.0	1	0	10	9
FRA1	chrY	143830165	143830166	0.0	1	0	6	6
POL3	chrY	143830165	143830166	0.0	1	0	10	9
FRA1	chrY	143830523	143830524	0.0	1	0	10	5
POL3	chrY	143830523	143830524	0.0	1	0	10	9
FRA1	chrY	143916652	143916653	0.0	1	0	10	5
POL3	chrY	143916652	143916653	0.0	1	0	15	8
FRA1	chrY	143916892	143916893	0.0	1	0	10	5
POL3	chrY	143916892	143916893	0.0	1	0	15	8
FRA1	chrY	147034799	147034800	0.0	1	0	10	5
POL3	chrY	147034799	147034800	0.0	1	0	10	9
FRA1	chrY	147068505	147068506	0.0	1	0	10	5
POL3	chrY	147068505	147068506	0.0	1	0	21	7
FRA1	chrY	148120563	148120682	0.0	100	0	600	600
POL3	chrY	148120563	148120682	0.0	100	0	1000	900
FRA1	chrY	150249103	150249104	0.0	1	0	10	5
POL3	chrY	150249103	150249104	0.0	1	0	21	7
FRA1	chrY	151072292	151072293	0.6	1	6	10	5
POL3	chrY	151072292	151072293	0.0	1	0	21	7
FRA1	chrY	151985387	151985388	0.0	1	0	10	5
POL3	chrY	151985387	151985388	0.0	1	0	21	7
FRA1	chrY	152062487	152062488	0.0	1	0	6	6
POL3	chrY	152062487	152062488	0.0	1	0	21	7
FRA1	chrY	152062658	152062659	0.0	1	0	10	5
POL3	chrY	152062658	152062659	0.0	1	0	21	7
FRA1	chrY	152796462	152796463	0.0	1	0	6	6
POL3	chrY	152796462	152796463	0.0	1	0	15	8
FRA1	chrY	153270421	153270422	0.0	1	0	10	5
POL3	chrY	153270421	153270422	0.0	1	0	21	7
FRA1	chrY	154276695	154276696	0.0	1	0	10	5
POL3	chrY	154276695	154276696	0.0	1	0	15	8
FRA1	chrY	154276973	154276974	0.0	1	0	10	5
POL3	chrY	154276973	154276974	0.0	1	0	15	8
FRA1	chrY	155606257	155606258	0.0	1	0	10	5
POL3	chrY	155606257	155606258	0.0	1	0	15	8
POL3	chrY	157437250	157437251	0.0	1	0	10	9
FRA1	chrY	157437250	157437251	0.0	1	0	10	5
FRA1	chrY	157437364	157437365	0.0	2	0	20	10
POL3	chrY	157437364	157437365	0.0	2	0	20	18
FRA1	chrY	157437450	157437451	0.0	1	0	10	5
POL3	chrY	157437450	157437451	0.0	1	0	21	7
FRA1	chrY	158777219	158777344	0.0	110	0	660	660
POL3	chrY	158777219	158777344	0.0	110	0	2292	773
FRA1	chrY	158795540	158795660	0.0	120	0	720	720
POL3	chrY	158795540	158795660	0.0	120	0	1794	962
FRA1	chrY	159116281	159116282	0.0	1	0	10	5
POL3	chrY	159116281	159116282	0.0	1	0	21	7
FRA1	chrY	160121639	160121676	NA	0	NA	NA	NA
POL3	chrY	160121639	160121676	NA	0	NA	NA	NA
FRA1	chrY	160149005	160149006	0.0	1	0	6	6
POL3	chrY	160149005	160149006	0.0	1	0	21	7
POL3	chrY	160149274	160149275	0.0	1	0	21	7
FRA1	chrY	160149274	160149275	0.0	1	0	6	6
POL3	chrY	162658537	162658538	0.0	1	0	15	8
FRA1	chrY	162658537	162658538	0.0	1	0	10	5
FRA1	chrY	163218585	163218586	0.0	1	0	10	5
POL3	chrY	163218585	163218586	0.0	1	0	21	7
FRA1	chrY	163307183	163307184	0.0	1	0	10	5
POL3	chrY	163307183	163307184	0.0	1	0	21	7
FRA1	chrY	163796222	163796223	0.0	1	0	10	5
POL3	chrY	163796222	163796223	0.0	1	0	10	9
POL3	chrY	167666661	167666781	0.0	116	0	1175	1041
FRA1	chrY	167666661	167666781	0.014367816091954	116	10	696	696
POL3	chrY	170482185	170482186	0.0	1	0	21	7
FRA1	chrY	170482185	170482186	0.0	1	0	10	5
POL3	chrY	170482522	170482523	0.0	1	0	21	7
FRA1	chrY	170482522	170482523	0.0	1	0	10	5
POL3	chrY	170689736	170689737	0.0	1	0	21	7
FRA1	chrY	170689736	170689737	0.0	1	0	10	5
POL3	chrY	171432618	171432619	0.0	1	0	21	7
FRA1	chrY	171432618	171432619	0.0	1	0	6	6
POL3	chrY	171506425	171506426	0.0	1	0	15	8
FRA1	chrY	171506425	171506426	0.0	1	0	10	5
FRA1	chrY	171506722	171506723	0.0	1	0	10	5
POL3	chrY	171506722	171506723	0.0	1	0	15	8
POL3	chrY	172391308	172391309	0.0	1	0	15	8
FRA1	chrY	172391308	172391309	0.0	1	0	10	5
POL3	chrY	173731980	173731981	0.0	1	0	15	8
FRA1	chrY	173731980	173731981	0.0	1	0	6	6
FRA1	chrY	173916924	173916925	0.0	1	0	6	6
POL3	chrY	173916924	173916925	0.0	1	0	15	8
FRA1	chrY	173917070	173917071	0.0	1	0	6	6
POL3	chrY	173917070	173917071	0.0	1	0	15	8
POL3	chrY	175515171	175515172	0.0	1	0	10	9
FRA1	chrY	175515171	175515172	0.0	1	0	6	6
POL3	chrY	176650165	176650290	0.0	125	0	1260	1123
FRA1	chrY	176650165	176650290	0.0	125	0	750	750
FRA1	chrY	176650455	176650574	0.0	110	0	660	660
POL3	chrY	176650455	176650574	0.0	110	0	1625	885
POL3	chrY	180664404	180664405	0.0	1	0	10	9
FRA1	chrY	180664404	180664405	0.0	1	0	6	6
FRA1	chrY	181119906	181119907	0.0	1	0	6	6
POL3	chrY	181119906	181119907	0.0	1	0	10	9
FRA1	chrY	181865147	181865148	0.0	1	0	6	6
POL3	chrY	181865147	181865148	0.0	1	0	10	9
POL3	chrY	181865438	181865439	0.0	1	0	15	8
FRA1	chrY	181865438	181865439	0.0	1	0	6	6
FRA1	chrY	182770112	182770113	0.0	1	0	10	5
POL3	chrY	182770112	182770113	0.0	1	0	15	8
FRA1	chrY	183613879	183613880	0.0	1	0	10	5
POL3	chrY	183613879	183613880	0.0	1	0	10	9
FRA1	chrY	183614070	183614195	0.0	118	0	912	657
POL3	chrY	183614070	183614195	0.0033898305084745	118	4	1180	1062
POL3	chrY	186195323	186195336	NA	0	NA	NA	NA
FRA1	chrY	186195323	186195336	NA	0	NA	NA	NA
POL3	chrY	187807213	187807214	0.0	1	0	21	7
FRA1	chrY	187807213	187807214	0.0	1	0	10	5
POL3	chrY	187807684	187807685	0.0	1	0	21	7
FRA1	chrY	187807684	187807685	0.0	1	0	10	5
FRA1	chrY	189230299	189230300	0.0	1	0	10	5
POL3	chrY	189230299	189230300	0.0	1	0	10	9
POL3	chrY	189230446	189230447	0.0	1	0	15	8
FRA1	chrY	189230446	189230447	0.0	1	0	10	5
FRA1	chrY	191313797	191313798	0.0	1	0	6	6
POL3	chrY	191313797	191313798	0.0	1	0	21	7
POL3	chrY	191314039	191314040	0.0	1	0	21	7
FRA1	chrY	191314039	191314040	0.0	1	0	6	6
POL3	chrY	191484953	191484954	0.0	1	0	21	7
FRA1	chrY	191484953	191484954	0.0	1	0	10	5
FRA1	chrY	194613332	194613333	0.0	1	0	10	5
POL3	chrY	194613332	194613333	0.0	1	0	21	7
FRA1	chrY	195078542	195078662	0.0	103	0	618	618
POL3	chrY	195078542	195078662	0.0116504854368932	103	12	1030	927
POL3	chrY	195543980	195543981	0.0	1	0	15	8
FRA1	chrY	195543980	195543981	0.0	1	0	6	6
FRA1	chrY	195544244	195544245	0.0	1	0	6	6
POL3	chrY	195544244	195544245	0.0	1	0	21	7
FRA1	chrY	195744025	195744026	0.0	1	0	6	6
POL3	chrY	195744025	195744026	0.0	1	0	10	9
FRA1	chrY	197495257	197495258	0.0	1	0	10	5
POL3	chrY	197495257	197495258	0.0	1	0	21	7
POL3	chrY	197893784	197893785	0.0	1	0	10	9
FRA1	chrY	197893784	197893785	0.0	1	0	10	5
POL3	chrY	197894032	197894033	0.0	1	0	10	9
FRA1	chrY	197894032	197894033	0.0	1	0	10	5
POL3	chrY	198456315	198456316	0.0	1	0	10	9
FRA1	chrY	198456315	198456316	0.0	1	0	6	6
FRA1	chrY	198456518	198456519	0.0	1	0	6	6
POL3	chrY	198456518	198456519	0.0	1	0	10	9
POL3	chrY	200919954	200919955	0.0	1	0	21	7
FRA1	chrY	200919954	200919955	0.0	1	0	6	6
POL3	chrY	201137916	201137917	0.0	1	0	15	8
FRA1	chrY	201137916	201137917	0.0	1	0	10	5
POL3	chrY	201286611	201286736	0.0	111	0	1110	999
FRA1	chrY	201286611	201286736	0.0	111	0	666	666
POL3	chrY	202029296	202029297	0.0	1	0	10	9
FRA1	chrY	202029296	202029297	0.4	1	4	10	5
POL3	chrY	204710950	204710951	0.0	1	0	15	8
FRA1	chrY	204710950	204710951	0.0	1	0	10	5
FRA1	chrY	204711238	204711239	0.0	1	0	10	5
POL3	chrY	204711238	204711239	0.0	1	0	15	8
FRA1	chrY	205457481	205457482	0.0	1	0	10	5
POL3	chrY	205457481	205457482	0.0	1	0	21	7
FRA1	chrY	207559148	207559149	0.0	1	0	10	5
POL3	chrY	207559148	207559149	0.0	1	0	21	7
FRA1	chrY	209817560	209817685	0.0	115	0	1150	575
POL3	chrY	209817560	209817685	0.0	115	0	1150	1035
FRA1	chrY	209817814	209817934	0.0	118	0	1180	590
POL3	chrY	209817814	209817934	0.0033898305084745	118	4	1180	1062
FRA1	chrY	212051736	212051737	0.0	1	0	10	5
POL3	chrY	212051736	212051737	0.0	1	0	15	8
FRA1	chrY	212052466	212052467	0.0	1	0	10	5
POL3	chrY	212052466	212052467	0.0	1	0	10	9
POL3	chrY	213600491	213600492	0.0	1	0	21	7
FRA1	chrY	213600491	213600492	0.0	1	0	10	5
FRA1	chrY	213758934	213758935	0.0	1	0	6	6
POL3	chrY	213758934	213758935	0.0	1	0	21	7
POL3	chrY	223190769	223190770	0.0	1	0	10	9
FRA1	chrY	223190769	223190770	0.0	1	0	6	6
POL3	chrY	223190958	223190959	0.0	1	0	10	9
FRA1	chrY	223190958	223190959	0.0	1	0	6	6
POL3	chrY	224484143	224484144	0.0	1	0	15	8
FRA1	chrY	224484143	224484144	0.0	1	0	6	6
FRA1	chrY	224484424	224484425	0.0	1	0	10	5
POL3	chrY	224484424	224484425	0.0	1	0	21	7
FRA1	chrY	227944178	227944179	0.0	1	0	10	5
POL3	chrY	227944178	227944179	0.0	1	0	10	9
POL3	chrY	227944449	227944450	0.0	1	0	10	9
FRA1	chrY	227944449	227944450	0.0	1	0	10	5
POL3	chrY	230024667	230024668	0.0	1	0	21	7
FRA1	chrY	230024667	230024668	0.0	1	0	10	5
POL3	chrY	230024982	230024983	0.0	1	0	21	7
FRA1	chrY	230024982	230024983	0.0	1	0	10	5
POL3	chrY	230088894	230088895	0.0	1	0	10	9
FRA1	chrY	230088894	230088895	0.0	1	0	10	5
FRA1	chrY	230089250	230089251	0.0	1	0	10	5
POL3	chrY	230089250	230089251	0.0	1	0	15	8
FRA1	chrY	230179976	230179977	0.0	1	0	10	5
POL3	chrY	230179976	230179977	0.0	1	0	15	8
POL3	chrY	231674612	231674613	0.0	1	0	21	7
FRA1	chrY	231674612	231674613	0.0	1	0	10	5
POL3	chrY	231674884	231674885	0.0	1	0	15	8
FRA1	chrY	231674884	231674885	0.0	1	0	10	5
POL3	chrY	233292783	233292900	0.0	114	0	1700	914
FRA1	chrY	233292783	233292900	0.0	114	0	684	684
POL3	chrY	234660899	234660900	0.0	1	0	21	7
FRA1	chrY	234660899	234660900	0.0	1	0	10	5
POL3	chrY	234661279	234661328	0.0	1	0	21	7
FRA1	chrY	234661279	234661328	0.0	1	0	6	6
POL3	chrY	234661453	234661454	0.0	1	0	21	7
FRA1	chrY	234661453	234661454	0.0	1	0	6	6
POL3	chrY	234821414	234821415	0.0	1	0	21	7
FRA1	chrY	234821414	234821415	0.0	1	0	10	5
POL3	chrY	235173792	235173793	0.0	1	0	10	9
FRA1	chrY	235173792	235173793	0.0	1	0	10	5
FRA1	chrY	239462037	239462038	0.0	1	0	6	6
POL3	chrY	239462037	239462038	0.0	1	0	10	9
FRA1	chrY	239462397	239462398	0.0	1	0	6	6
POL3	chrY	239462397	239462398	0.0	1	0	10	9
FRA1	chrY	240202904	240202905	0.0	1	0	6	6
POL3	chrY	240202904	240202905	0.0	1	0	10	9
FRA1	chrY	240203075	240203076	0.0	1	0	10	5
POL3	chrY	240203075	240203076	0.0	1	0	10	9
POL3	chrY	242924654	242924655	0.0	1	0	10	9
FRA1	chrY	242924654	242924655	0.0	1	0	10	5
FRA1	chrY	246753566	246753567	0.0	1	0	6	6
POL3	chrY	246753566	246753567	0.0	1	0	15	8
FRA1	chrY	246753898	246753899	0.0	1	0	6	6
POL3	chrY	246753898	246753899	0.0	1	0	21	7
POL3	chrY	247268280	247268281	0.0	1	0	21	7
FRA1	chrY	247268280	247268281	0.0	1	0	6	6
POL3	chrY	249039313	249039314	0.0	1	0	15	8
FRA1	chrY	249039313	249039314	0.0	1	0	6	6
FRA1	chrY	252748190	252748191	0.0	1	0	10	5
POL3	chrY	252748190	252748191	0.0	1	0	21	7
FRA1	chrY	256803162	256803163	0.0	1	0	10	5
POL3	chrY	256803162	256803163	0.0	1	0	15	8
FRA1	chrY	256803708	256803709	0.0	1	0	6	6
POL3	chrY	256803708	256803709	0.0	1	0	15	8
FRA1	chrY	257041009	257041010	0.0	1	0	10	5
POL3	chrY	257041009	257041010	0.0	1	0	21	7
FRA1	chrY	258945690	258945691	0.0	1	0	10	5
POL3	chrY	258945690	258945691	0.0	1	0	21	7
FRA1	chrY	258945968	258945969	0.0	1	0	10	5
POL3	chrY	258945968	258945969	0.0	1	0	21	7
FRA1	chrY	259696935	259696936	0.0	1	0	10	5
POL3	chrY	259696935	259696936	0.0	1	0	21	7
FRA1	chrY	259697198	259697199	0.0	1	0	10	5
POL3	chrY	259697198	259697199	0.0	1	0	21	7
FRA1	chrY	262941858	262941859	0.0	1	0	6	6
POL3	chrY	262941858	262941859	0.0	1	0	15	8
FRA1	chrY	266802513	266802514	0.0	1	0	10	5
POL3	chrY	266802513	266802514	0.0	1	0	10	9
FRA1	chrY	268381746	268381747	0.0	1	0	10	5
POL3	chrY	268381746	268381747	0.0	1	0	10	9
POL3	chrY	268685511	268685512	0.0	1	0	10	9
FRA1	chrY	268685511	268685512	0.0	1	0	10	5
FRA1	chrY	268685876	268685877	0.0	1	0	10	5
POL3	chrY	268685876	268685877	0.0	1	0	15	8
FRA1	chrY	268700431	268700432	0.0	1	0	10	5
POL3	chrY	268700431	268700432	0.0	1	0	21	7
FRA1	chrY	268700672	268700673	0.0	1	0	10	5
POL3	chrY	268700672	268700673	0.0	1	0	21	7
FRA1	chrY	269024367	269024368	0.0	1	0	10	5
POL3	chrY	269024367	269024368	0.0	1	0	21	7
FRA1	chrY	270483639	270483640	0.0	1	0	10	5
POL3	chrY	270483639	270483640	0.0	1	0	21	7
FRA1	chrY	270797089	270797090	0.0	1	0	10	5
POL3	chrY	270797089	270797090	0.0	1	0	21	7
FRA1	chrY	270797338	270797339	0.0	1	0	10	5
POL3	chrY	270797338	270797339	0.0	1	0	21	7
FRA1	chrY	272303874	272303991	0.0034843205574912	116	4	1148	583
POL3	chrY	272303874	272303991	0.0	116	0	1496	977
FRA1	chrY	272304130	272304255	0.0041551246537396	105	3	722	607
POL3	chrY	272304130	272304255	0.0	105	0	1305	894
POL3	chrY	273787870	273787871	0.0	1	0	15	8
FRA1	chrY	273787870	273787871	0.0	1	0	10	5
POL3	chrY	274464480	274464481	0.0	1	0	21	7
FRA1	chrY	274464480	274464481	0.0	1	0	10	5
FRA1	chrY	275522116	275522117	0.0	1	0	10	5
POL3	chrY	275522116	275522117	0.0	1	0	21	7
POL3	chrY	276470853	276470854	0.0	1	0	21	7
FRA1	chrY	276470853	276470854	0.0	1	0	10	5
POL3	chrY	278943337	278943338	0.0	1	0	15	8
FRA1	chrY	278943337	278943338	0.0	1	0	10	5
POL3	chrY	279496852	279496853	0.0	1	0	21	7
FRA1	chrY	279496852	279496853	0.0	1	0	6	6
POL3	chrY	280392768	280392769	0.0	1	0	15	8
FRA1	chrY	280392768	280392769	0.0	1	0	10	5
POL3	chrY	280519639	280519640	0.0	1	0	21	7
FRA1	chrY	280519639	280519640	0.0	1	0	10	5
POL3	chrY	282317352	282317353	0.0	1	0	15	8
FRA1	chrY	282317352	282317353	0.0	1	0	10	5
POL3	chrY	287736658	287736659	0.0	1	0	21	7
FRA1	chrY	287736658	287736659	0.0	1	0	10	5
FRA1	chrY	288219026	288219027	0.0	1	0	10	5
POL3	chrY	288219026	288219027	0.0	1	0	21	7
FRA1	chrY	288301106	288301107	0.0	1	0	6	6
POL3	chrY	288301106	288301107	0.0	1	0	15	8
FRA1	chrY	288301604	288301605	0.0	1	0	10	5
POL3	chrY	288301604	288301605	0.0	1	0	21	7
POL3	chrY	288429288	288429289	0.0	1	0	21	7
FRA1	chrY	288429288	288429289	0.0	1	0	6	6
POL3	chrY	288743357	288743358	0.0	1	0	21	7
FRA1	chrY	288743357	288743358	0.0	1	0	10	5
POL3	chrY	288743631	288743632	0.0	1	0	21	7
FRA1	chrY	288743631	288743632	0.0	1	0	10	5
POL3	chrY	289253201	289253202	0.0	1	0	21	7
FRA1	chrY	289253201	289253202	0.0	1	0	10	5
FRA1	chrY	289253431	289253432	0.0	1	0	10	5
POL3	chrY	289253431	289253432	0.0	1	0	21	7
POL3	chrY	290448993	290448994	0.0	1	0	10	9
FRA1	chrY	290448993	290448994	0.0	1	0	10	5
POL3	chrY	290449269	290449270	0.0	1	0	21	7
FRA1	chrY	290449269	290449270	0.0	1	0	10	5
POL3	chrY	291520963	291520964	0.0	1	0	21	7
FRA1	chrY	291520963	291520964	0.0	1	0	10	5
POL3	chrY	291521279	291521280	0.0	1	0	21	7
FRA1	chrY	291521279	291521280	0.0	1	0	10	5
POL3	chrY	291663126	291663127	0.0	1	0	21	7
FRA1	chrY	291663126	291663127	0.0	1	0	6	6
FRA1	chrY	291663264	291663265	0.0	1	0	6	6
POL3	chrY	291663264	291663265	0.0	1	0	21	7
POL3	chrY	295224636	295224756	0.0	114	0	1634	928
FRA1	chrY	295224636	295224756	0.0	114	0	684	684
FRA1	chrY	295589570	295589571	0.0	1	0	10	5
POL3	chrY	295589570	295589571	0.0	1	0	10	9
FRA1	chrY	295589836	295589837	0.0	1	0	10	5
POL3	chrY	295589836	295589837	0.0	1	0	10	9
FRA1	chrY	296077469	296077470	0.0	1	0	10	5
POL3	chrY	296077469	296077470	0.0	1	0	15	8
POL3	chrY	296087959	296087960	0.0	1	0	15	8
FRA1	chrY	296087959	296087960	0.0	1	0	6	6
FRA1	chrY	296325326	296325327	0.0	1	0	10	5
POL3	chrY	296325326	296325327	0.0	1	0	21	7
POL3	chrY	296461108	296461109	0.0	1	0	10	9
FRA1	chrY	296461108	296461109	0.0	1	0	6	6
FRA1	chrY	297817683	297817684	0.0	1	0	10	5
POL3	chrY	297817683	297817684	0.0	1	0	10	9
FRA1	chrY	300158648	300158649	0.0	1	0	6	6
POL3	chrY	300158648	300158649	0.0	1	0	10	9
FRA1	chrY	302615413	302615414	0.0	1	0	10	5
POL3	chrY	302615413	302615414	0.0	1	0	21	7
FRA1	chrY	304616573	304616574	0.0	1	0	10	5
POL3	chrY	304616573	304616574	0.0	1	0	21	7
FRA1	chrY	304879657	304879658	0.0	1	0	10	5
POL3	chrY	304879657	304879658	0.0	1	0	21	7
POL3	chrY	305203375	305203376	0.0	1	0	10	9
FRA1	chrY	305203375	305203376	0.0	1	0	6	6
FRA1	chrY	305203528	305203529	0.0	1	0	6	6
POL3	chrY	305203528	305203529	0.0	1	0	10	9
POL3	chrY	307588785	307588786	0.0	1	0	21	7
FRA1	chrY	307588785	307588786	0.0	1	0	10	5
FRA1	chrY	309632973	309632974	0.0	1	0	6	6
POL3	chrY	309632973	309632974	0.0	1	0	10	9
POL3	chrY	310369912	310369913	0.0	1	0	21	7
FRA1	chrY	310369912	310369913	0.0	1	0	10	5
POL3	chrY	310438186	310438187	0.0	1	0	10	9
FRA1	chrY	310438186	310438187	0.0	1	0	10	5
FRA1	chrY	310438519	310438520	0.0	1	0	10	5
POL3	chrY	310438519	310438520	0.0	1	0	10	9
FRA1	chrY	310884582	310884583	0.0	1	0	10	5
POL3	chrY	310884582	310884583	0.0	1	0	21	7
FRA1	chrY	310884871	310884872	0.0	1	0	10	5
POL3	chrY	310884871	310884872	0.0	1	0	21	7
FRA1	chrY	311212012	311212013	0.0	1	0	10	5
POL3	chrY	311212012	311212013	0.0	1	0	21	7
FRA1	chrY	313908887	313908888	0.0	1	0	10	5
POL3	chrY	313908887	313908888	0.0	1	0	10	9
POL3	chrY	318459547	318459548	0.2857142857142857	1	6	21	7
FRA1	chrY	318459547	318459548	0.0	1	0	10	5
FRA1	chrY	318485442	318485443	0.0	1	0	10	5
POL3	chrY	318485442	318485443	0.0	1	0	15	8
FRA1	chrY	327259098	327259218	0.0	113	0	694	674
POL3	chrY	327259098	327259218	0.0	113	0	2246	813
FRA1	chrY	327501867	327501868	0.0	1	0	6	6
POL3	chrY	327501867	327501868	0.0	1	0	10	9
FRA1	chrY	328931887	328931888	0.0	1	0	10	5
POL3	chrY	328931887	328931888	0.0	1	0	15	8
FRA1	chrY	328932159	328932160	0.0	1	0	10	5
POL3	chrY	328932159	328932160	0.0	1	0	15	8
FRA1	chrY	332141623	332141624	0.0	1	0	10	5
POL3	chrY	332141623	332141624	0.0	1	0	10	9
FRA1	chrY	332653340	332653341	0.0	1	0	10	5
POL3	chrY	332653340	332653341	0.0	1	0	10	9
POL3	chrY	334379732	334379847	0.0	114	0	2352	805
FRA1	chrY	334379732	334379847	0.0058479532163742	114	4	684	684
FRA1	chrY	334519008	334519009	0.0	1	0	6	6
POL3	chrY	334519008	334519009	0.0	1	0	15	8
FRA1	chrY	336384379	336384380	0.0	1	0	10	5
POL3	chrY	336384379	336384380	0.0	1	0	21	7
FRA1	chrY	336384619	336384620	0.0	1	0	10	5
POL3	chrY	336384619	336384620	0.0	1	0	21	7
POL3	chrY	336695473	336695474	0.0	1	0	15	8
FRA1	chrY	336695473	336695474	0.0	1	0	10	5
FRA1	chrY	336695742	336695743	0.0	1	0	10	5
POL3	chrY	336695742	336695743	0.0	1	0	15	8
FRA1	chrY	338206239	338206240	0.0	1	0	10	5
POL3	chrY	338206239	338206240	0.0	1	0	21	7
FRA1	chrY	339366403	339366404	0.0	1	0	10	5
POL3	chrY	339366403	339366404	0.0	1	0	21	7
POL3	chrY	339903513	339903514	0.0	1	0	21	7
FRA1	chrY	339903513	339903514	0.0	1	0	6	6
POL3	chrY	341878100	341878101	0.0	1	0	21	7
FRA1	chrY	341878100	341878101	0.0	1	0	10	5
POL3	chrY	342817952	342817953	0.0	1	0	15	8
FRA1	chrY	342817952	342817953	0.0	1	0	10	5
POL3	chrY	342818267	342818268	0.0	1	0	15	8
FRA1	chrY	342818267	342818268	0.0	1	0	10	5
POL3	chrY	343598273	343598274	0.0	1	0	21	7
FRA1	chrY	343598273	343598274	0.0	1	0	10	5
POL3	chrY	344115401	344115402	0.0	1	0	21	7
FRA1	chrY	344115401	344115402	0.0	1	0	10	5
POL3	chrY	348442488	348442489	0.0	1	0	10	9
FRA1	chrY	348442488	348442489	0.0	1	0	6	6
FRA1	chrY	348442743	348442744	0.0	1	0	6	6
POL3	chrY	348442743	348442744	0.0	1	0	10	9
FRA1	chrY	349084887	349084888	0.0	1	0	10	5
POL3	chrY	349084887	349084888	0.0	1	0	15	8
POL3	chrY	350473235	350473236	0.0	1	0	21	7
FRA1	chrY	350473235	350473236	0.0	1	0	10	5
FRA1	chrY	351808683	351808684	0.0	1	0	10	5
POL3	chrY	351808683	351808684	0.0	1	0	21	7
POL3	chrY	352067335	352067455	0.0	120	0	1200	1080
FRA1	chrY	352067335	352067455	0.0	120	0	1132	617
POL3	chrY	352067583	352067708	0.0	124	0	1240	1116
FRA1	chrY	352067583	352067708	0.0032362459546925	124	4	1236	621
FRA1	chrY	353756342	353756343	0.0	1	0	10	5
POL3	chrY	353756342	353756343	0.0	1	0	21	7
FRA1	chrY	353874036	353874037	0.0	1	0	10	5
POL3	chrY	353874036	353874037	0.0	1	0	15	8
FRA1	chrY	353874355	353874356	0.0	1	0	10	5
POL3	chrY	353874355	353874356	0.0	1	0	15	8
POL3	chrY	354634272	354634273	0.0	1	0	21	7
FRA1	chrY	354634272	354634273	0.0	1	0	10	5
POL3	chrY	355956217	355956218	0.0	1	0	21	7
FRA1	chrY	355956217	355956218	0.0	1	0	10	5
FRA1	chrY	356560561	356560562	0.0	1	0	6	6
POL3	chrY	356560561	356560562	0.0	1	0	10	9
FRA1	chrY	356605845	356605846	0.0	1	0	6	6
POL3	chrY	356605845	356605846	0.0	1	0	15	8
POL3	chrY	357759549	357759550	0.0	1	0	15	8
FRA1	chrY	357759549	357759550	0.0	1	0	10	5
POL3	chrY	358296524	358296525	0.0	1	0	10	9
FRA1	chrY	358296524	358296525	0.0	1	0	6	6
FRA1	chrY	358296881	358296882	0.0	1	0	10	5
POL3	chrY	358296881	358296882	0.0	1	0	21	7
POL3	chrY	358556500	358556501	0.0	1	0	21	7
FRA1	chrY	358556500	358556501	0.0	1	0	10	5
POL3	chrY	358556865	358556866	0.0	1	0	21	7
FRA1	chrY	358556865	358556866	0.0	1	0	10	5
FRA1	chrY	359114414	359114415	0.0	1	0	6	6
POL3	chrY	359114414	359114415	0.0	1	0	21	7
POL3	chrY	359184478	359184479	0.0	1	0	21	7
FRA1	chrY	359184478	359184479	0.0	1	0	6	6
FRA1	chrY	361096366	361096367	0.0	1	0	10	5
POL3	chrY	361096366	361096367	0.0	1	0	21	7
FRA1	chrY	363596097	363596098	0.0	1	0	6	6
POL3	chrY	363596097	363596098	0.0	1	0	10	9
POL3	chrY	364490706	364490707	0.0	1	0	21	7
FRA1	chrY	364490706	364490707	0.0	1	0	10	5
POL3	chrY	364655413	364655414	0.0	1	0	21	7
FRA1	chrY	364655413	364655414	0.0	1	0	10	5
FRA1	chrY	367275953	367275954	0.0	1	0	10	5
POL3	chrY	367275953	367275954	0.0	1	0	21	7
FRA1	chrY	367276243	367276244	0.0	1	0	10	5
POL3	chrY	367276243	367276244	0.0	1	0	21	7
FRA1	chrY	370011868	370011869	0.0	1	0	10	5
POL3	chrY	370011868	370011869	0.0	1	0	10	9
FRA1	chrY	372767584	372767585	0.0	1	0	10	5
POL3	chrY	372767584	372767585	0.0	1	0	15	8
POL3	chrY	374246831	374246832	0.0	1	0	21	7
FRA1	chrY	374246831	374246832	0.0	1	0	10	5
POL3	chrY	375433845	375433846	0.0	1	0	21	7
FRA1	chrY	375433845	375433846	0.0	1	0	6	6
FRA1	chrY	375787427	375787428	0.0	1	0	6	6
POL3	chrY	375787427	375787428	0.0	1	0	10	9
POL3	chrY	376306408	376306409	0.0	1	0	15	8
FRA1	chrY	376306408	376306409	0.0	1	0	10	5
FRA1	chrY	376441620	376441621	0.0	1	0	10	5
POL3	chrY	376441620	376441621	0.0	1	0	21	7
POL3	chrY	377099302	377099303	0.0	1	0	21	7
FRA1	chrY	377099302	377099303	0.0	1	0	6	6
FRA1	chrY	377099628	377099629	0.0	1	0	6	6
POL3	chrY	377099628	377099629	0.0	1	0	21	7
FRA1	chrY	377899464	377899586	0.0	122	0	732	732
POL3	chrY	377899464	377899586	0.0	122	0	2562	854
FRA1	chrY	378049820	378049821	0.0	1	0	10	5
POL3	chrY	378049820	378049821	0.5333333333333333	1	8	15	8
POL3	chrY	378652395	378652396	0.0	1	0	10	9
FRA1	chrY	378652395	378652396	0.0	1	0	10	5
FRA1	chrY	378652730	378652731	0.0	1	0	10	5
POL3	chrY	378652730	378652731	0.0	1	0	15	8
POL3	chrY	379504777	379504778	0.0	1	0	21	7
FRA1	chrY	379504777	379504778	0.0	1	0	6	6
FRA1	chrY	379604416	379604417	0.0	1	0	6	6
POL3	chrY	379604416	379604417	0.0	1	0	15	8
FRA1	chrY	381282914	381282915	0.0	1	0	6	6
POL3	chrY	381282914	381282915	0.0	1	0	21	7
FRA1	chrY	381798759	381798760	0.0	1	0	6	6
POL3	chrY	381798759	381798760	0.0	1	0	10	9
FRA1	chrY	381799035	381799036	0.0	1	0	10	5
POL3	chrY	381799035	381799036	0.0	1	0	15	8
POL3	chrY	384521792	384521793	0.0	1	0	21	7
FRA1	chrY	384521792	384521793	0.0	1	0	10	5
POL3	chrY	384522971	384522972	0.0	1	0	10	9
FRA1	chrY	384522971	384522972	0.0	1	0	10	5
POL3	chrY	385235218	385235219	0.0	1	0	21	7
FRA1	chrY	385235218	385235219	0.0	1	0	10	5
POL3	chrY	386279499	386279500	0.0	1	0	15	8
FRA1	chrY	386279499	386279500	0.0	1	0	6	6
POL3	chrY	386279913	386279914	0.0	1	0	15	8
FRA1	chrY	386279913	386279914	0.0	1	0	6	6
FRA1	chrY	388000873	388000874	0.0	1	0	10	5
POL3	chrY	388000873	388000874	0.0	1	0	15	8
FRA1	chrY	388103985	388103986	0.0	1	0	6	6
POL3	chrY	388103985	388103986	0.0	1	0	10	9
POL3	chrY	388104300	388104301	0.0	1	0	10	9
FRA1	chrY	388104300	388104301	0.0	1	0	10	5
POL3	chrY	388333601	388333602	0.0	1	0	21	7
FRA1	chrY	388333601	388333602	0.0	1	0	10	5
FRA1	chrY	388333819	388333820	0.0	1	0	10	5
POL3	chrY	388333819	388333820	0.0	1	0	21	7
FRA1	chrY	388542282	388542283	0.0	1	0	10	5
POL3	chrY	388542282	388542283	0.0	1	0	15	8
FRA1	chrY	388601465	388601466	0.0	1	0	10	5
POL3	chrY	388601465	388601466	0.0	1	0	15	8
FRA1	chrY	388866847	388866848	0.0	1	0	6	6
POL3	chrY	388866847	388866848	0.0	1	0	21	7
FRA1	chrY	388867094	388867095	0.0	1	0	6	6
POL3	chrY	388867094	388867095	0.0	1	0	21	7
FRA1	chrY	389364374	389364375	0.0	1	0	6	6
POL3	chrY	389364374	389364375	0.0	1	0	15	8
FRA1	chrY	390293429	390293430	0.0	1	0	10	5
POL3	chrY	390293429	390293430	0.0	1	0	15	8
POL3	chrY	393700022	393700023	0.0	1	0	21	7
FRA1	chrY	393700022	393700023	0.0	1	0	10	5
FRA1	chrY	394297792	394297793	0.0	1	0	6	6
POL3	chrY	394297792	394297793	0.0	1	0	21	7
FRA1	chrY	394303106	394303107	0.0	1	0	10	5
POL3	chrY	394303106	394303107	0.0	1	0	21	7
POL3	chrY	397638768	397638769	0.0	1	0	10	9
FRA1	chrY	397638768	397638769	0.0	1	0	10	5
FRA1	chrY	400645481	400645598	0.0	105	0	630	630
POL3	chrY	400645481	400645598	0.0037914691943127	105	4	1055	944
FRA1	chrY	401621415	401621416	0.0	1	0	10	5
POL3	chrY	401621415	401621416	0.0	1	0	15	8
FRA1	chrY	401956683	401956684	0.0	1	0	10	5
POL3	chrY	401956683	401956684	0.0	1	0	15	8
POL3	chrY	403235226	403235227	0.0	1	0	15	8
FRA1	chrY	403235226	403235227	0.0	1	0	6	6
POL3	chrY	403629562	403629563	0.0	1	0	10	9
FRA1	chrY	403629562	403629563	0.0	1	0	6	6
FRA1	chrY	403629829	403629830	NA	0	NA	NA	NA
POL3	chrY	403629829	403629830	NA	0	NA	NA	NA
POL3	chrY	404042582	404042583	0.0	1	0	21	7
FRA1	chrY	404042582	404042583	0.0	1	0	6	6
POL3	chrY	407324495	407324496	0.0	1	0	21	7
FRA1	chrY	407324495	407324496	0.0	1	0	6	6
FRA1	chrY	407467115	407467116	0.0	1	0	10	5
POL3	chrY	407467115	407467116	0.0	1	0	21	7
FRA1	chrY	407467321	407467322	0.0	1	0	10	5
POL3	chrY	407467321	407467322	0.0	1	0	21	7
POL3	chrY	407779069	407779070	0.0	1	0	15	8
FRA1	chrY	407779069	407779070	0.0	1	0	6	6
POL3	chrY	407779207	407779332	0.0	114	0	1140	1026
FRA1	chrY	407779207	407779332	0.0	114	0	684	684
POL3	chrY	408920268	408920269	0.0	1	0	21	7
FRA1	chrY	408920268	408920269	0.0	1	0	10	5
POL3	chrY	408950200	408950201	0.0	1	0	10	9
FRA1	chrY	408950200	408950201	0.0	1	0	6	6
POL3	chrY	410406223	410406224	0.0	1	0	15	8
FRA1	chrY	410406223	410406224	0.0	1	0	10	5
POL3	chrY	413429647	413429648	0.0	1	0	21	7
FRA1	chrY	413429647	413429648	0.0	1	0	10	5
POL3	chrY	413478709	413478710	0.0	1	0	10	9
FRA1	chrY	413478709	413478710	0.5	1	3	6	6
POL3	chrY	413612250	413612251	0.0	1	0	21	7
FRA1	chrY	413612250	413612251	0.0	1	0	6	6
FRA1	chrY	414347878	414347879	0.0	1	0	10	5
POL3	chrY	414347878	414347879	0.0	1	0	21	7
POL3	chrY	414419067	414419068	0.0	1	0	21	7
FRA1	chrY	414419067	414419068	0.0	1	0	10	5
POL3	chrY	416072626	416072627	0.0	1	0	15	8
FRA1	chrY	416072626	416072627	0.0	1	0	10	5
POL3	chrY	416569409	416569410	0.0	1	0	10	9
FRA1	chrY	416569409	416569410	0.0	1	0	10	5
FRA1	chrY	416578744	416578745	0.0	1	0	10	5
POL3	chrY	416578744	416578745	0.0	1	0	21	7
POL3	chrY	421671581	421671582	0.0	1	0	21	7
FRA1	chrY	421671581	421671582	0.0	1	0	10	5
FRA1	chrY	421671889	421671890	0.0	1	0	10	5
POL3	chrY	421671889	421671890	0.0	1	0	21	7
POL3	chrY	422437921	422437922	0.0	1	0	15	8
FRA1	chrY	422437921	422437922	0.0	1	0	10	5
FRA1	chrY	422438083	422438084	0.0	1	0	10	5
POL3	chrY	422438083	422438084	0.0	1	0	15	8
FRA1	chrY	423408542	423408550	NA	0	NA	NA	NA
POL3	chrY	423408542	423408550	NA	0	NA	NA	NA
FRA1	chrY	423408603	423408604	0.0	1	0	6	6
POL3	chrY	423408603	423408604	0.0	1	0	21	7
FRA1	chrY	423527417	423527418	0.0	1	0	10	5
POL3	chrY	423527417	423527418	0.0	1	0	21	7
FRA1	chrY	423527763	423527764	0.0	1	0	10	5
POL3	chrY	423527763	423527764	0.0	1	0	21	7
POL3	chrY	424350047	424350048	0.0	1	0	15	8
FRA1	chrY	424350047	424350048	0.0	1	0	10	5
POL3	chrY	424375926	424376051	0.0034782608695652	115	4	1150	1035
FRA1	chrY	424375926	424376051	0.0	115	0	690	690
FRA1	chrY	424376195	424376315	0.0	118	0	724	704
POL3	chrY	424376195	424376315	0.0	118	0	1224	1054
POL3	chrY	425133679	425133680	0.0	1	0	15	8
FRA1	chrY	425133679	425133680	0.0	1	0	6	6
POL3	chrY	425133970	425133971	0.0	1	0	15	8
FRA1	chrY	425133970	425133971	0.0	1	0	6	6
FRA1	chrY	427881076	427881077	0.0	1	0	10	5
POL3	chrY	427881076	427881077	0.0	1	0	21	7
POL3	chrY	428890163	428890164	0.0	1	0	21	7
FRA1	chrY	428890163	428890164	0.0	1	0	10	5
POL3	chrY	429365672	429365673	0.0	1	0	21	7
FRA1	chrY	429365672	429365673	0.0	1	0	10	5
POL3	chrY	429365850	429365851	0.0	1	0	21	7
FRA1	chrY	429365850	429365851	0.0	1	0	10	5
FRA1	chrY	432112859	432112860	0.0	1	0	6	6
POL3	chrY	432112859	432112860	0.0	1	0	21	7
FRA1	chrY	432113222	432113223	0.0	1	0	6	6
POL3	chrY	432113222	432113223	0.0	1	0	15	8
FRA1	chrY	432125226	432125227	0.0	1	0	10	5
POL3	chrY	432125226	432125227	0.0	1	0	15	8
FRA1	chrY	432125552	432125553	0.0	1	0	10	5
POL3	chrY	432125552	432125553	0.0	1	0	21	7
POL3	chrY	436629031	436629032	0.0	1	0	15	8
FRA1	chrY	436629031	436629032	0.0	1	0	10	5
FRA1	chrY	436882201	436882202	0.0	1	0	10	5
POL3	chrY	436882201	436882202	0.0	1	0	21	7
FRA1	chrY	436996330	436996331	0.0	1	0	6	6
POL3	chrY	436996330	436996331	0.0	1	0	15	8
POL3	chrY	437443920	437444042	0.0	104	0	1040	936
FRA1	chrY	437443920	437444042	0.0	104	0	624	624
FRA1	chrY	437444161	437444276	0.0	106	0	636	636
POL3	chrY	437444161	437444276	0.0	106	0	1060	954
FRA1	chrY	437485189	437485190	0.0	1	0	6	6
POL3	chrY	437485189	437485190	0.0	1	0	10	9
FRA1	chrY	439284063	439284064	0.0	1	0	6	6
POL3	chrY	439284063	439284064	0.0	1	0	21	7
POL3	chrY	442912720	442912721	0.0	1	0	21	7
FRA1	chrY	442912720	442912721	0.0	1	0	10	5
FRA1	chrY	444356956	444356957	0.0	1	0	6	6
POL3	chrY	444356956	444356957	0.0	1	0	15	8
FRA1	chrY	444357248	444357249	0.0	1	0	10	5
POL3	chrY	444357248	444357249	0.0	1	0	21	7
POL3	chrY	448346408	448346409	0.0	1	0	10	9
FRA1	chrY	448346408	448346409	0.0	1	0	10	5
FRA1	chrY	449091445	449091446	0.0	1	0	10	5
POL3	chrY	449091445	449091446	0.0	1	0	21	7
FRA1	chrY	449256183	449256184	0.0	1	0	10	5
POL3	chrY	449256183	449256184	0.0	1	0	21	7
FRA1	chrY	450047581	450047582	0.0	1	0	10	5
POL3	chrY	450047581	450047582	0.0	1	0	21	7
FRA1	chrY	450091304	450091305	0.0	1	0	6	6
POL3	chrY	450091304	450091305	0.0	1	0	10	9
FRA1	chrY	452923581	452923582	0.0	1	0	6	6
POL3	chrY	452923581	452923582	0.0	1	0	21	7
FRA1	chrY	455025486	455025487	0.0	1	0	10	5
POL3	chrY	455025486	455025487	0.0	1	0	15	8
FRA1	chrY	455025719	455025720	0.0	1	0	10	5
POL3	chrY	455025719	455025720	0.0	1	0	15	8
POL3	chrY	455493498	455493499	0.0	1	0	10	9
FRA1	chrY	455493498	455493499	0.0	1	0	10	5
FRA1	chrY	459085503	459085504	0.0	1	0	10	5
POL3	chrY	459085503	459085504	0.0	1	0	21	7
FRA1	chrY	459085728	459085729	0.0	1	0	10	5
POL3	chrY	459085728	459085729	0.0	1	0	21	7
FRA1	chrY	460375378	460375379	0.0	1	0	10	5
POL3	chrY	460375378	460375379	0.0	1	0	21	7
FRA1	chrY	463660097	463660098	0.0	1	0	10	5
POL3	chrY	463660097	463660098	0.0	1	0	21	7
POL3	chrY	464370684	464370685	0.0	1	0	15	8
FRA1	chrY	464370684	464370685	0.0	1	0	10	5
POL3	chrY	464370952	464370953	0.0	1	0	15	8
FRA1	chrY	464370952	464370953	0.0	1	0	10	5
POL3	chrY	466574545	466574546	0.0	1	0	10	9
FRA1	chrY	466574545	466574546	0.0	1	0	10	5
FRA1	chrY	466950772	466950773	0.0	1	0	10	5
POL3	chrY	466950772	466950773	0.0	1	0	21	7
POL3	chrY	466951064	466951065	0.0	1	0	21	7
FRA1	chrY	466951064	466951065	0.0	1	0	6	6
POL3	chrY	468753791	468753792	0.0	1	0	21	7
FRA1	chrY	468753791	468753792	0.0	1	0	10	5
FRA1	chrY	468754152	468754153	0.0	1	0	10	5
POL3	chrY	468754152	468754153	0.0	1	0	21	7
POL3	chrY	469015101	469015102	0.0	1	0	21	7
FRA1	chrY	469015101	469015102	0.0	1	0	10	5
POL3	chrY	469015337	469015338	0.0	1	0	21	7
FRA1	chrY	469015337	469015338	0.0	1	0	10	5
POL3	chrY	469120587	469120588	0.0	1	0	21	7
FRA1	chrY	469120587	469120588	0.0	1	0	10	5
POL3	chrY	469120753	469120754	0.0	1	0	21	7
FRA1	chrY	469120753	469120754	0.0	1	0	10	5
POL3	chrY	469259783	469259784	0.0	1	0	21	7
FRA1	chrY	469259783	469259784	0.0	1	0	10	5
POL3	chrY	469260015	469260016	0.0	1	0	21	7
FRA1	chrY	469260015	469260016	0.0	1	0	10	5
POL3	chrY	470567190	470567191	0.0	1	0	21	7
FRA1	chrY	470567190	470567191	0.0	1	0	10	5
FRA1	chrY	470567454	470567455	0.0	1	0	10	5
POL3	chrY	470567454	470567455	0.0	1	0	21	7
FRA1	chrY	471093609	471093610	0.0	1	0	10	5
POL3	chrY	471093609	471093610	0.0	1	0	21	7
FRA1	chrY	476565368	476565369	0.0	1	0	6	6
POL3	chrY	476565368	476565369	0.0	1	0	10	9
POL3	chrY	476565508	476565509	0.0	1	0	15	8
FRA1	chrY	476565508	476565509	0.0	1	0	6	6
FRA1	chrY	478524450	478524451	0.0	1	0	10	5
POL3	chrY	478524450	478524451	0.0	1	0	15	8
POL3	chrY	479115270	479115271	0.0	1	0	10	9
FRA1	chrY	479115270	479115271	0.0	1	0	6	6
POL3	chrY	479810175	479810176	0.0	1	0	15	8
FRA1	chrY	479810175	479810176	0.0	1	0	6	6
FRA1	chrY	481121564	481121565	0.0	1	0	6	6
POL3	chrY	481121564	481121565	0.0	1	0	21	7
POL3	chrY	485311161	485311162	0.0	1	0	21	7
FRA1	chrY	485311161	485311162	0.0	1	0	6	6
POL3	chrY	485638632	485638633	0.0	1	0	21	7
FRA1	chrY	485638632	485638633	0.0	1	0	6	6
FRA1	chrY	486639724	486639725	0.0	1	0	6	6
POL3	chrY	486639724	486639725	0.0	1	0	10	9
POL3	chrY	486948085	486948086	0.0	1	0	15	8
FRA1	chrY	486948085	486948086	0.0	1	0	6	6
POL3	chrY	487206442	487206443	0.0	1	0	15	8
FRA1	chrY	487206442	487206443	0.0	1	0	10	5
FRA1	chrY	487267211	487267212	0.0	1	0	6	6
POL3	chrY	487267211	487267212	0.0	1	0	15	8
POL3	chrY	487321421	487321422	0.0	1	0	10	9
FRA1	chrY	487321421	487321422	0.0	1	0	6	6
FRA1	chrY	487321662	487321663	0.0	1	0	6	6
POL3	chrY	487321662	487321663	0.0	1	0	10	9
FRA1	chrY	487716791	487716792	0.0	1	0	6	6
POL3	chrY	487716791	487716792	0.0	1	0	21	7
FRA1	chrY	487717019	487717020	0.0	1	0	6	6
POL3	chrY	487717019	487717020	0.0	1	0	21	7
POL3	chrY	487910448	487910449	0.0	1	0	10	9
FRA1	chrY	487910448	487910449	0.0	1	0	10	5
FRA1	chrY	487985043	487985044	0.0	1	0	6	6
POL3	chrY	487985043	487985044	0.0	1	0	21	7
FRA1	chrY	488217717	488217718	0.0	1	0	10	5
POL3	chrY	488217717	488217718	0.0	1	0	21	7
FRA1	chrY	488470262	488470263	0.0	1	0	6	6
POL3	chrY	488470262	488470263	0.0	1	0	15	8
FRA1	chrY	488470592	488470593	0.0	1	0	10	5
POL3	chrY	488470592	488470593	0.0	1	0	21	7
FRA1	chrY	488499306	488499307	0.0	1	0	10	5
POL3	chrY	488499306	488499307	0.0	1	0	15	8
FRA1	chrY	488503436	488503437	0.0	1	0	10	5
POL3	chrY	488503436	488503437	0.0	1	0	10	9
FRA1	chrY	488629114	488629115	0.0	1	0	6	6
POL3	chrY	488629114	488629115	0.0	1	0	15	8
FRA1	chrY	488734131	488734132	0.0	1	0	6	6
POL3	chrY	488734131	488734132	0.0	1	0	15	8
FRA1	chrY	488930711	488930712	0.0	1	0	6	6
POL3	chrY	488930711	488930712	0.0	1	0	10	9
POL3	chrY	489130204	489130205	0.0	1	0	15	8
FRA1	chrY	489130204	489130205	0.0	1	0	6	6
FRA1	chrY	489725537	489725538	0.0	1	0	10	5
POL3	chrY	489725537	489725538	0.0	1	0	21	7
POL3	chrY	489796638	489796639	0.0	1	0	10	9
FRA1	chrY	489796638	489796639	0.0	1	0	6	6
FRA1	chrY	489796859	489796860	0.0	1	0	10	5
POL3	chrY	489796859	489796860	0.0	1	0	10	9
FRA1	chrY	489804115	489804116	0.0	1	0	6	6
POL3	chrY	489804115	489804116	0.0	1	0	10	9
FRA1	chrY	489914013	489914014	0.0	1	0	10	5
POL3	chrY	489914013	489914014	0.0	1	0	15	8
FRA1	chrY	489914415	489914416	0.0	1	0	10	5
POL3	chrY	489914415	489914416	0.0	1	0	21	7
FRA1	chrY	489914621	489914622	0.0	1	0	10	5
POL3	chrY	489914621	489914622	0.0	1	0	21	7
POL3	chrY	489940267	489940268	0.0	1	0	21	7
FRA1	chrY	489940267	489940268	0.0	1	0	10	5
POL3	chrY	489946198	489946199	0.0	1	0	10	9
FRA1	chrY	489946198	489946199	0.0	1	0	6	6
POL3	chrY	489946578	489946579	0.0	1	0	10	9
FRA1	chrY	489946578	489946579	0.0	1	0	6	6
POL3	chrY	490222087	490222088	0.0	1	0	10	9
FRA1	chrY	490222087	490222088	0.0	1	0	10	5
FRA1	chrY	490222458	490222459	0.0	1	0	10	5
POL3	chrY	490222458	490222459	0.0	1	0	15	8
POL3	chrY	491177548	491177549	0.0	1	0	15	8
FRA1	chrY	491177548	491177549	0.0	1	0	10	5
FRA1	chrY	491177829	491177830	0.0	1	0	6	6
POL3	chrY	491177829	491177830	0.0	1	0	15	8
FRA1	chrY	491193773	491193774	0.0	1	0	10	5
POL3	chrY	491193773	491193774	0.0	1	0	21	7
FRA1	chrY	491442774	491442775	0.0	1	0	10	5
POL3	chrY	491442774	491442775	0.0	1	0	15	8
FRA1	chrY	491447481	491447482	0.0	1	0	10	5
POL3	chrY	491447481	491447482	0.0	1	0	15	8
FRA1	chrY	491519352	491519353	0.0	1	0	10	5
POL3	chrY	491519352	491519353	0.0	1	0	21	7
FRA1	chrY	491594644	491594645	0.0	1	0	10	5
POL3	chrY	491594644	491594645	0.0	1	0	15	8
FRA1	chrY	491603989	491603990	0.0	1	0	10	5
POL3	chrY	491603989	491603990	0.0	1	0	21	7
POL3	chrY	491604265	491604266	0.0	1	0	15	8
FRA1	chrY	491604265	491604266	0.0	1	0	10	5
FRA1	chrY	491682607	491682608	0.0	1	0	6	6
POL3	chrY	491682607	491682608	0.0	1	0	10	9
FRA1	chrY	491903135	491903136	0.0	1	0	6	6
POL3	chrY	491903135	491903136	0.0	1	0	21	7
FRA1	chrY	491922151	491922152	0.0	1	0	10	5
POL3	chrY	491922151	491922152	0.0	1	0	15	8
FRA1	chrY	491922370	491922371	0.0	1	0	6	6
POL3	chrY	491922370	491922371	0.0	1	0	15	8
FRA1	chrY	491986715	491986716	0.5	1	3	6	6
POL3	chrY	491986715	491986716	0.6	1	6	10	9
FRA1	chrY	491986959	491986960	0.0	1	0	6	6
POL3	chrY	491986959	491986960	0.0	1	0	15	8
FRA1	chrY	492024648	492024649	0.0	1	0	6	6
POL3	chrY	492024648	492024649	0.0	1	0	15	8
POL3	chrY	492037563	492037564	0.0	1	0	21	7
FRA1	chrY	492037563	492037564	0.0	1	0	6	6
POL3	chrY	492041350	492041351	0.0	1	0	15	8
FRA1	chrY	492041350	492041351	0.0	1	0	6	6
FRA1	chrY	492041751	492041752	0.0	1	0	6	6
POL3	chrY	492041751	492041752	0.0	1	0	15	8
FRA1	chrY	492062889	492062890	0.0	1	0	10	5
POL3	chrY	492062889	492062890	0.0	1	0	10	9
FRA1	chrY	492113435	492113436	0.0	1	0	6	6
POL3	chrY	492113435	492113436	0.0	1	0	21	7
FRA1	chrY	492160661	492160662	0.0	1	0	10	5
POL3	chrY	492160661	492160662	0.0	1	0	21	7
FRA1	chrY	492160933	492160934	0.0	1	0	10	5
POL3	chrY	492160933	492160934	0.0	1	0	21	7
FRA1	chrY	492658189	492658190	0.0	1	0	10	5
POL3	chrY	492658189	492658190	0.0	1	0	10	9
FRA1	chrY	492658503	492658504	0.0	1	0	10	5
POL3	chrY	492658503	492658504	0.0	1	0	10	9
FRA1	chrY	492783030	492783031	0.0	1	0	6	6
POL3	chrY	492783030	492783031	0.0	1	0	21	7
POL3	chrY	492805993	492805994	0.0	1	0	15	8
FRA1	chrY	492805993	492805994	0.0	1	0	10	5
FRA1	chrY	492994511	492994512	0.0	1	0	10	5
POL3	chrY	492994511	492994512	0.0	1	0	15	8
POL3	chrY	493301127	493301128	0.0	1	0	15	8
FRA1	chrY	493301127	493301128	0.0	1	0	6	6
FRA1	chrY	493697168	493697169	0.0	1	0	10	5
POL3	chrY	493697168	493697169	0.0	1	0	10	9
FRA1	chrY	494092765	494092766	0.0	1	0	10	5
POL3	chrY	494092765	494092766	0.0	1	0	21	7
POL3	chrY	494093145	494093146	0.0	1	0	21	7
FRA1	chrY	494093145	494093146	0.0	1	0	10	5
FRA1	chrY	494093375	494093376	0.0	1	0	10	5
POL3	chrY	494093375	494093376	0.0	1	0	21	7
FRA1	chrY	494276392	494276393	0.0	1	0	10	5
POL3	chrY	494276392	494276393	0.0	1	0	15	8
FRA1	chrY	494405094	494405095	0.0	1	0	6	6
POL3	chrY	494405094	494405095	0.0	1	0	21	7
FRA1	chrY	494654370	494654371	0.0	1	0	6	6
POL3	chrY	494654370	494654371	0.0	1	0	21	7
POL3	chrY	494993120	494993121	0.0	1	0	21	7
FRA1	chrY	494993120	494993121	0.0	1	0	6	6
FRA1	chrY	495463945	495463946	0.0	1	0	10	5
POL3	chrY	495463945	495463946	0.0	1	0	15	8
FRA1	chrY	495733443	495733444	0.0	1	0	6	6
POL3	chrY	495733443	495733444	0.0	1	0	21	7
FRA1	chrY	495733649	495733650	0.0	1	0	6	6
POL3	chrY	495733649	495733650	0.0	1	0	10	9
POL3	chrY	495745270	495745271	0.0	1	0	10	9
FRA1	chrY	495745270	495745271	0.0	1	0	6	6
FRA1	chrY	495749171	495749172	0.0	1	0	6	6
POL3	chrY	495749171	495749172	0.0	1	0	21	7
FRA1	chrY	495749404	495749405	0.0	1	0	6	6
POL3	chrY	495749404	495749405	0.0	1	0	21	7
FRA1	chrY	496175876	496175877	0.0	1	0	10	5
POL3	chrY	496175876	496175877	0.0	1	0	21	7
POL3	chrY	496176167	496176168	0.0	1	0	21	7
FRA1	chrY	496176167	496176168	0.0	1	0	10	5
POL3	chrY	496250278	496250279	0.0	1	0	21	7
FRA1	chrY	496250278	496250279	0.0	1	0	10	5
FRA1	chrY	496255030	496255031	0.0	1	0	6	6
POL3	chrY	496255030	496255031	0.0	1	0	10	9
FRA1	chrY	496255290	496255291	0.0	1	0	10	5
POL3	chrY	496255290	496255291	0.0	1	0	15	8
FRA1	chrY	496367759	496367760	0.0	1	0	6	6
POL3	chrY	496367759	496367760	0.0	1	0	15	8
FRA1	chrY	496405441	496405442	0.0	1	0	6	6
POL3	chrY	496405441	496405442	0.0	1	0	21	7
FRA1	chrY	496631049	496631050	0.0	1	0	6	6
POL3	chrY	496631049	496631050	0.0	1	0	21	7
FRA1	chrY	496739038	496739039	0.0	1	0	10	5
POL3	chrY	496739038	496739039	0.0	1	0	21	7
FRA1	chrY	497127845	497127846	0.0	1	0	10	5
POL3	chrY	497127845	497127846	0.0	1	0	15	8
POL3	chrY	497128057	497128058	0.0	1	0	10	9
FRA1	chrY	497128057	497128058	0.0	1	0	10	5
